1000 10000
0 1 999 2 4 996 5 995 6 994 8 992 9 991 10 990 26 186 576 674 982 188
1 0 2 3 999 998 5 997 996 7 995 8 994 9 993 10 992 11 991 248 22 949
2 1 0 4 5 999 6 998 7 997 996 9 10 994 11 992 460 548 730 486 33
3 1 5 7 999 8 998 9 10 11 12 13 993 385 147 330 565 571
4 5 2 6 7 0 8 999 10 998 11 997 12 996 13 995 14 487 736 285 670 91
5 4 6 3 7 2 8 1 9 0 10 11 999 12 13 996 15 995 283 765 403 86 477 903
6 5 7 4 8 9 2 10 0 12 13 999 14 998 15 997 16 996 186 31 48 367 251
7 6 8 5 4 3 11 2 1 13 14 15 999 16 17 997 605 867 645 609 794
8 7 9 6 5 11 4 12 3 14 1 15 0 999 998 861 74 685 65 598 101
9 8 10 6 5 13 14 3 2 16 1 0 18 19 999 444 274 567 43 768 95 734
10 9 12 13 6 14 5 15 4 3 17 2 18 1 0 20 384 907 885 376
11 12 13 8 14 7 15 16 5 4 18 3 19 2 20 1 478 854 106
12 11 10 14 15 8 16 17 6 18 5 19 4 20 3 21 22 569 369 97 255
13 14 11 15 10 9 17 7 19 6 5 21 4 3 23 258 476 897 567 952 760 256 34 982 314 946
14 13 15 12 11 17 10 18 9 19 8 20 7 21 6 23 4 24 490 110 306 237
15 14 16 13 12 18 11 19 10 20 21 8 22 7 23 6 24 5 25 360 899 734 925 244 698
16 15 18 19 12 11 9 24 7 25 6 79 320 309 743 293 575 880 828 833
17 14 20 13 21 12 22 23 10 24 25 26 7 27 186 360 415
18 19 16 20 15 21 14 23 12 11 25 10 26 9 27 28 280 802 500 805 499
19 18 20 16 22 15 23 14 24 13 25 12 26 11 27 28 9 29 141 981 898 35 301
20 19 18 17 23 24 15 25 14 26 12 28 11 29 10 30 435 141 463 581 372 502 731
21 22 23 18 24 17 25 15 14 28 13 29 12 939 258 219 670 377 853 738 305
22 21 23 19 25 26 17 27 15 29 30 31 12 32 560 255 1 457 226 618
23 22 24 21 25 20 26 19 27 18 28 17 30 15 31 14 13 291 99 527
24 23 25 26 21 27 20 28 19 29 30 17 31 16 15 33 14 34 207 728 880 959 394 371 733
25 24 23 27 22 28 21 29 20 30 19 31 18 32 17 33 16 34 15 727 902
26 27 24 28 23 29 22 30 20 32 19 33 18 17 36 0 305 911 458
27 26 25 29 24 30 23 31 22 32 33 34 19 35 18 36 17 37 804 238 43
28 29 26 30 25 31 24 32 23 34 21 35 20 36 19 37 18 966 546 117 515
29 28 30 27 26 32 25 33 24 34 35 22 21 37 20 38 19 39 842 201 230
30 29 31 28 32 27 33 26 34 25 35 24 36 23 22 38 39 20 192 261 730 313 527 931 460
31 30 32 33 28 34 27 36 25 37 24 38 23 22 40 41 6 81 74 128 176
32 31 33 30 34 29 35 28 36 27 26 38 25 39 40 41 22 42 421 218 495
33 32 34 31 35 30 36 29 37 27 39 26 40 25 41 24 42 43 365 2
34 33 35 32 36 31 37 30 38 29 39 28 27 41 25 24 282 753 13 523 234 598
35 34 36 33 32 38 39 30 40 29 41 28 42 27 43 195 200 987 19
36 35 37 34 38 33 32 40 31 41 30 42 43 28 27 45 26 46 521 714
37 36 38 34 40 33 41 42 31 43 44 29 45 28 46 27 47 298 766 406 355
38 37 39 36 35 41 34 42 43 32 31 45 30 46 29 47 48 969 695 872 92 807 644
39 38 42 35 43 34 44 33 45 32 46 30 48 29 49 505 815 356 508 838 607 319
40 37 36 44 35 33 47 32 31 49 50 902 631 408 710 722 626 714 756 526 576
41 42 43 38 44 37 36 46 35 47 34 33 49 32 50 31 51 924 94 175 113 954 550
42 41 39 45 38 37 36 35 49 50 33 32 436 891 122 513 117 649 526
43 44 41 45 46 39 38 48 37 49 36 50 35 52 33 53 27 681 9 368 888 411
44 43 45 46 41 40 48 39 49 37 51 53 852 561 157 822 330
45 44 46 43 47 42 48 50 39 38 52 37 36 724 402 861 947 509 172
46 45 47 44 43 49 41 51 52 39 53 38 54 37 55 36 266 308 765 640 664 759 184
47 46 48 45 49 50 51 41 53 40 55 38 56 37 57 359 679 82 811
48 47 49 50 45 51 44 43 53 54 56 39 57 38 58 819 861 6 545 121
49 48 50 47 51 46 52 53 44 54 43 55 42 56 41 57 40 39 59 565 748 662 642
50 49 48 52 47 53 54 45 55 56 43 57 42 58 41 59 40 60 395 886
51 52 49 53 48 54 47 55 46 56 44 58 60 41 61 125 995
52 51 50 49 55 56 46 58 45 59 43 61 62 550 130 645 795 85
53 54 51 55 50 49 57 48 58 47 59 46 61 44 62 43 63 451 231 361 272 866 988
54 53 55 56 51 57 50 49 59 48 61 46 63 64 551 641 949 75 382 411
55 54 53 57 52 58 51 59 50 60 49 62 47 63 46 64 65 231 426 462 812
56 57 54 58 59 52 51 61 50 62 49 63 48 64 47 65 66 603
57 56 58 55 59 54 60 53 61 62 63 50 64 49 48 66 47 67 918 657 652
58 57 56 55 61 62 53 63 52 51 65 50 66 48 946 139 556 167 141 690 634 303
59 60 57 61 56 62 55 54 53 65 52 66 50 49 69 344 179 514 722 948
60 59 61 62 57 63 64 55 65 66 68 51 50 70 481 775 984 298
61 60 62 59 63 58 64 57 65 56 66 67 54 68 53 69 52 70 51 71 361 682
62 61 63 60 64 59 58 66 57 56 55 69 53 52 72 78 712 304 205 960 246 161 747
63 62 64 61 65 60 67 58 68 57 69 56 55 71 54 72 53 73 238 442 242 378 562 382 328 620
64 63 65 62 66 61 67 60 68 69 70 57 71 56 55 73 54 246 469 123 320 389
65 64 66 63 67 68 61 69 60 59 71 58 72 73 56 55 75 622 912 8 334
66 65 67 64 68 69 62 70 61 71 60 72 59 73 58 74 57 56 76 840 620 275 993
67 66 68 65 64 70 63 72 61 73 75 57 77 326 668 724 127 483 986 815
68 67 69 66 65 71 64 63 73 74 61 60 76 78 692 867 863 576 388 842 405
69 68 71 66 72 65 73 64 74 63 75 62 61 77 78 59 79 993 893 900 128 548 647 652
70 71 72 67 73 66 75 64 76 77 78 61 79 60 349 675 255 906 249
71 70 69 73 68 74 75 66 76 65 77 64 63 79 80 61 81 171 624 946 155 205 744 300
72 73 70 74 69 75 67 77 66 78 65 79 80 63 62 82 643 94 728
73 72 74 71 75 70 76 69 77 68 67 66 80 65 64 82 63 83 270 745 171 227 789
74 73 75 72 76 71 77 78 69 68 80 81 66 83 957 8 626 31 362
75 74 76 73 77 72 71 79 70 69 67 83 84 65 85 678 990 622 550 707 54 714 337
76 75 77 74 78 73 79 80 71 70 83 68 85 66 86 800 595 395 293 881
77 76 78 75 79 74 73 72 82 71 70 69 85 67 87 526 960 762 687 88
78 77 76 80 74 82 83 72 85 70 86 69 87 68 88 62 673 719 239 165 888
79 77 81 76 82 75 83 85 72 86 71 87 70 88 69 89 16 121 478 835 913 869
80 78 82 83 76 84 85 74 86 73 87 72 88 71 90 695 260 502 280 314
81 82 79 83 84 85 86 87 74 90 71 91 894 505 359 903 31 737
82 81 83 80 84 79 85 78 86 77 87 88 90 73 91 72 805 270 47 994 648 182
83 82 84 81 85 80 86 79 87 78 88 89 76 90 75 74 92 73 93 425 838 692
84 83 85 82 86 81 80 88 89 91 75 93 94 842 640 564 939
85 84 83 87 82 88 81 89 80 79 91 78 77 93 76 75 95 445 488 942 257 52 661
86 87 84 88 83 89 82 90 81 91 80 92 79 78 94 95 76 96 838 347 5
87 86 88 85 89 90 83 91 82 92 81 93 80 94 79 95 78 96 77 97 949
88 87 89 86 90 85 91 84 92 83 82 95 80 96 79 78 98 720 696 781 77 724
89 88 90 87 91 86 85 93 84 94 83 95 96 98 79 99 170 379 128
90 89 91 88 92 87 93 86 94 96 83 97 82 81 99 80 100 723 835 380 520 296 518
91 90 92 89 93 88 94 87 95 86 85 97 84 98 82 100 81 350 511 435 4 367
92 91 90 94 88 87 97 86 100 83 101 102 383 525 925 500 965 281 521 38
93 94 91 95 90 96 89 97 98 87 99 100 85 84 102 83 103 211 848 291 494
94 93 95 92 96 91 90 98 89 99 87 101 86 103 84 104 41 931 804 914 592 72
95 94 96 93 98 91 100 89 101 88 87 103 86 104 85 427 447 722 913 968 631 121 220 229 99 9
96 95 94 98 93 100 101 90 102 89 103 88 87 105 86 780 857 360 131 110 223 593
97 98 100 93 101 92 91 103 90 105 87 107 763 970 904 12 127
98 97 99 96 100 95 101 94 102 93 103 91 106 89 107 88 224 440 331 731
99 98 100 102 103 94 93 105 106 107 90 108 89 109 605 624 225 95 23
100 99 98 102 97 103 96 104 95 106 93 107 92 108 91 90 110 348 888 659 226
101 102 103 98 104 97 105 96 106 95 94 108 109 92 111 963 907 420 870 8 129
102 101 103 100 104 99 105 98 107 96 110 93 111 92 112 334 992 216 984 492 234 758
103 102 104 101 105 100 99 107 98 97 109 96 95 94 112 93 113 119 634 959 787
104 103 105 102 106 101 107 100 108 109 111 112 95 113 94 221 247 716 772 588 224 795
105 104 103 107 102 108 101 109 110 99 111 112 97 113 96 114 115 893 801 405 280
106 107 104 108 109 110 101 111 100 112 99 98 114 115 116 935 270 994 11 731 769
107 106 108 105 109 104 110 103 111 102 113 100 114 99 115 98 97 117 312 762 739 517
108 107 109 106 105 111 104 112 114 101 115 100 116 99 117 118 902 816 147 623
109 108 110 107 106 105 113 104 114 103 115 116 101 117 118 99 836 560 904 360 974
110 109 111 112 107 113 106 114 105 115 117 102 118 119 100 120 14 944 945 423 771 96
111 110 112 113 108 114 107 115 106 116 105 104 118 119 102 120 101 121 866 341 656
112 111 113 110 114 115 108 116 117 106 118 105 119 104 120 103 121 102 122 789 951 761 258
113 112 114 111 115 110 116 109 117 107 120 105 121 104 122 103 123 492 777 527 677 41 378
114 113 115 112 111 117 110 118 109 119 108 120 107 121 106 122 105 124 188 166 993 745
115 114 116 113 112 111 119 110 120 109 108 122 107 106 105 125 815 405 285 588 408
116 115 117 113 119 112 111 121 122 109 123 108 124 106 126 921 220 157 252 966
117 116 119 114 113 112 122 110 124 109 108 126 107 127 500 164 754 42 672 552 28 664 827
118 119 120 121 114 122 123 112 124 111 110 126 109 108 400 471 589 130 364 643
119 118 120 117 116 122 115 114 124 125 112 126 111 127 110 128 129 476 103 366 749
120 119 118 122 123 124 115 125 114 126 113 127 112 128 111 110 130 523 863 210 790
121 118 124 125 116 126 114 113 129 112 130 111 79 522 424 702 988 894 95 960 48 939 341
122 123 120 124 119 125 118 126 117 127 116 128 115 114 130 113 131 112 132 267 482 42 317 844
123 122 124 125 120 126 127 118 128 129 116 130 132 113 133 571 293 464 64 319
124 123 125 122 126 121 127 120 128 119 129 118 130 117 131 116 132 114 134 283 683
125 124 126 123 127 122 121 120 130 119 131 132 134 115 726 968 51 224 610 878
126 125 127 124 128 123 122 130 121 131 120 119 133 118 117 135 116 136 669 434 539 829
127 126 128 125 129 124 130 123 131 122 132 120 134 119 135 117 137 67 310 97 645
128 127 129 126 130 124 132 123 122 120 119 137 433 378 698 580 69 31 373 89
129 128 130 127 131 133 124 134 123 135 136 121 137 138 119 751 871 101
130 129 131 128 132 127 133 126 134 125 124 136 123 122 138 121 139 120 140 52 836 118 920 998
131 130 132 129 127 135 126 136 125 137 124 138 139 122 140 141 944 979 871 331 766 96
132 131 133 130 134 135 128 136 127 138 125 139 124 140 123 141 122 142 275 445
133 132 135 130 136 129 137 138 126 140 142 123 143 835 892 838 956
134 132 136 137 130 129 140 127 141 125 124 144 618 796 187 758 793 333 767 486
135 136 133 137 132 138 131 139 140 129 141 142 127 143 126 144 145 309 516
136 135 137 134 138 133 139 132 140 131 141 130 142 129 143 144 145 126 577 934 893
137 136 138 135 139 134 140 133 142 131 143 144 129 128 146 127 147 544 823
138 137 139 136 135 133 143 132 144 131 130 146 129 147 169 782 325 708 796 283
139 138 140 137 141 136 142 135 143 144 145 132 146 131 147 130 148 149 58 803
140 139 141 142 137 143 136 144 135 145 134 146 133 147 132 148 131 149 130 150 178 373 993 814
141 140 139 143 144 145 136 146 135 134 149 132 131 151 19 20 460 58 342 519 576 840
142 140 144 139 145 137 147 136 148 135 150 133 132 152 551 435 986 203 597 893 842 716
143 141 140 146 139 138 148 137 136 150 135 151 133 153 533 735 506 423 344 155 766 739
144 142 146 141 147 140 148 139 149 138 150 137 151 136 135 153 134 154 996 312 857 801 934
145 146 147 142 148 141 149 140 150 139 151 152 153 136 154 135 696 195 759
146 145 147 144 148 143 149 150 141 140 152 139 153 138 137 155 156 773 855 828 494 699
147 146 148 145 149 144 151 142 152 153 140 154 139 138 156 137 157 3 260 680 108 348 262 172
148 147 149 146 150 145 151 144 143 142 154 155 140 156 139 157 158 897 956 492 500
149 148 147 146 152 145 153 144 154 155 156 141 140 139 159 936 751 741 540 242
150 151 148 152 153 146 154 145 144 156 143 157 142 158 159 140 160 680 345
151 150 152 153 148 147 155 156 145 157 144 158 143 160 141 161 788 610 312 391 525 625
152 151 153 150 154 149 155 156 147 146 158 145 159 160 142 509 793 673 577 922 241 888
153 152 154 151 150 156 149 157 158 147 159 146 160 145 161 144 162 143 163 710 700 212 456 924 273
154 153 152 156 157 150 158 149 159 148 147 161 162 145 144 164 879 277 831
155 156 152 158 151 160 149 161 148 162 163 146 164 165 620 71 143
156 155 154 158 153 152 160 151 161 150 162 149 163 148 147 146 166 362 659 453 987 371 667 444 673
157 158 159 154 160 153 161 162 151 150 164 165 148 147 592 116 44 980 170 763 854 878
158 157 156 160 155 161 154 162 153 163 152 164 151 165 150 166 167 148 168 248 908
159 160 157 161 162 163 154 153 165 152 166 167 150 168 149 169 381 805 963 419
160 159 161 158 162 157 163 156 164 155 165 166 153 167 152 168 151 169 150 170 586 986
161 160 162 159 163 158 164 157 165 156 166 155 167 154 168 153 169 170 151 62 587
162 161 163 160 164 159 165 158 166 157 167 156 168 155 169 154 170 153 171 172
163 162 161 165 160 166 159 158 169 156 170 155 171 172 153 173 947 492 980 455 387 581
164 165 162 166 161 160 168 169 158 157 171 172 155 173 154 174 117 223 841 878
165 164 163 167 162 168 161 169 160 170 159 171 158 172 157 174 155 175 922 78 650
166 167 164 168 163 162 170 161 171 160 172 159 158 174 175 156 114 257 668 608 900 271
167 166 168 165 169 171 162 172 161 173 160 174 159 175 158 176 813 419 790 58 579 262
168 167 169 166 170 165 171 164 172 173 162 174 161 175 160 176 159 177 158 178 268 635
169 168 170 167 171 172 165 173 164 174 163 175 162 176 161 160 178 159 179 138 467 428
170 169 168 173 166 174 165 175 163 177 162 178 161 179 160 180 955 523 89 157 534
171 172 169 173 168 174 167 175 166 176 165 177 164 178 163 162 181 71 73 928 184 235 370
172 171 173 174 169 175 168 176 167 177 166 178 165 179 164 163 181 162 328 376 638 147 45 190
173 172 174 171 175 170 176 169 177 168 178 167 179 181 164 163 183 566 727 219 189
174 173 172 176 171 177 170 178 169 179 168 180 167 166 182 165 183 164 860 217 913 254 802 846 369
175 176 173 172 178 171 179 170 180 169 181 168 167 166 184 165 185 608 248 41 671 610 659 186 429
176 175 177 174 178 173 172 171 181 182 169 183 168 167 185 186 611 790 408 31 481
177 176 178 174 173 181 172 171 183 170 184 185 168 186 203 228 439 852 387 407 490
178 177 179 176 180 175 174 173 183 172 184 171 185 170 186 169 187 168 188 140 259 747 908
179 178 180 181 175 174 184 173 185 172 187 170 169 189 539 199 59 443 583 237
180 179 181 178 182 183 184 175 185 174 187 188 189 170 190 874 435
181 180 179 184 177 185 176 186 175 187 188 173 189 172 190 171 191 261 750 397 860 919
182 180 184 185 186 187 176 188 174 190 191 192 921 521 82
183 184 185 180 186 178 188 177 176 190 191 174 173 193 276 521 242 575 515 808
184 183 185 182 186 181 187 180 179 178 190 177 191 175 193 778 540 734 251 950 739 419 780 171 46 258
185 184 183 187 182 181 189 180 190 179 191 178 192 177 193 176 194 175 848 588 201 956 391 768 268
186 184 188 183 182 181 191 192 178 177 195 176 17 815 6 0 511 978 484 175 262 748
187 188 185 189 184 190 191 182 192 181 193 180 194 179 178 196 197 134 886 476
188 187 186 191 183 193 182 194 181 195 180 196 197 178 114 595 466 330 208 616 0
189 190 187 191 192 185 193 195 196 181 197 180 198 179 199 705 624 741 173
190 189 191 192 187 194 185 195 184 196 183 182 198 181 199 180 712 696 727 172 346
191 190 189 193 188 194 187 195 186 196 185 197 184 198 183 182 200 181 201 651 645
192 190 194 189 195 196 187 186 198 185 199 200 182 30 304 980 800 760 398
193 194 191 196 189 197 188 198 187 200 185 201 184 202 183 203 653 581 233 343 704 899 989
194 193 195 192 191 197 190 198 199 188 200 187 201 202 185 203 204 312 819 331 896 957 399
195 194 196 197 192 198 191 199 190 189 201 188 202 203 186 204 205 35 145 503 793 905 289
196 195 197 198 193 199 192 200 191 201 190 202 189 203 188 187 205 206 777 410 753
197 196 195 199 194 200 193 201 202 191 204 189 205 188 187 207 522 556 724
198 199 196 200 195 194 202 193 192 204 191 205 190 206 189 207 208 872 815 331
199 198 200 197 201 196 202 195 194 204 205 192 206 207 190 208 189 209 179 525 969 771
200 199 201 198 202 197 203 196 204 205 194 206 193 207 192 208 191 209 210 669 330 809 35
201 200 199 203 204 197 196 206 195 194 208 193 191 211 413 726 185 457 29 644 521 612
202 203 200 204 199 205 198 206 197 207 196 195 209 194 210 193 212 973 424 967 263
203 202 204 201 200 206 208 209 196 210 195 194 212 193 177 526 142 906 915
204 203 205 202 206 201 200 208 199 209 198 210 197 211 212 195 213 194 464 656
205 204 206 207 202 208 209 200 199 211 198 212 197 213 196 195 215 948 491 62 71 403
206 205 207 204 208 203 202 210 201 211 200 212 199 213 198 214 215 196 216 905 728 774 651 267 580 613 778 944
207 206 205 209 210 211 202 212 213 200 199 215 198 216 197 217 24 908
208 206 205 211 204 212 203 213 214 201 200 199 198 218 524 298 577 456 465 188 923
209 210 207 211 212 205 204 214 203 215 202 216 200 199 219 243 852 366 686 279
210 209 212 207 213 206 214 215 204 216 203 217 202 218 219 200 919 606 466 819 120 363
211 209 208 214 207 215 206 216 205 217 204 218 219 220 201 221 93 645
212 213 210 214 209 208 216 207 217 206 205 204 220 203 221 202 222 427 153 946
213 212 214 215 210 216 208 218 207 219 206 205 204 222 223 463 417 551 586 440
214 213 215 212 216 211 217 210 218 209 219 208 206 222 223 746 564 562 372
215 214 216 213 217 218 211 219 210 209 221 222 207 223 206 205 486 556 251 437
216 215 217 214 213 219 212 211 210 209 223 207 225 206 226 333 784 102 229 770 447
217 216 215 219 214 220 221 212 211 223 210 224 225 226 207 227 174 653 354
218 219 220 215 214 222 213 223 211 225 210 227 208 228 408 634 806 32 327
219 218 220 217 216 222 215 223 214 224 213 225 226 211 210 228 209 675 677 983 21 394 173 629 995 880
220 219 221 218 217 224 225 227 212 228 211 229 230 442 116 365 95
221 220 222 224 217 225 226 215 227 228 229 212 230 211 231 716 104
222 221 223 219 225 218 226 228 215 229 214 213 212 232 339 846 618 711 653 288 859
223 222 224 225 226 219 227 218 217 229 216 230 215 231 214 232 213 883 164 628 299 96
224 223 225 226 221 227 220 228 219 229 217 231 234 98 125 288 104 273
225 224 226 223 222 221 220 230 219 218 232 217 233 216 234 235 358 858 795 983 99 745 484 705 799
226 225 227 224 228 223 229 222 230 221 231 219 233 234 217 235 216 236 22 100 368
227 226 228 229 224 230 223 231 232 221 233 220 235 218 217 353 73 620 646 760 716 512 387
228 227 229 226 231 224 232 233 222 234 221 235 220 236 219 237 218 238 177 877
229 228 230 227 231 226 232 233 224 234 223 222 236 221 237 220 238 239 216 95 726 658
230 229 232 227 226 234 225 235 236 223 237 238 221 239 220 240 759 354 297 29
231 232 229 233 228 234 227 235 226 236 224 238 223 240 221 241 55 561 53 530
232 231 230 234 229 235 228 236 227 237 238 225 239 240 223 241 222 242 800 497 624 763 620
233 234 231 235 236 229 237 228 238 227 239 226 225 241 242 243 573 193
234 233 235 232 236 231 237 230 238 229 239 228 240 226 242 225 243 224 244 102 665 34 416
235 234 236 233 237 232 238 231 239 230 240 241 228 242 227 243 226 244 225 700 562 331 392 171
236 235 237 234 238 233 239 232 240 231 241 230 229 243 228 244 245 226 936 623 412 841 262
237 236 235 239 234 240 233 241 232 242 243 230 244 229 245 228 350 536 769 898 179 14 767
238 236 240 235 234 233 243 232 244 231 230 246 229 247 228 63 819 27 921 849 678
239 237 241 236 242 235 234 244 233 232 247 230 248 229 249 587 598 78 787 817 977
240 241 238 242 237 236 244 235 245 234 246 247 232 248 231 249 230 521 314 494
241 240 242 239 243 244 237 236 246 235 247 248 233 249 232 250 231 251 552 731 559 152
242 241 243 240 244 239 245 246 237 247 248 235 234 233 251 232 63 509 542 866 183 663 149
243 242 244 241 245 247 238 237 249 236 235 234 252 233 253 209 308 964 848 663
244 243 245 242 246 241 247 240 248 239 249 238 250 237 251 236 252 235 234 254 535 462 626 636 15 548
245 244 246 243 247 242 240 250 251 237 253 236 254 255 554 981 339
246 245 247 244 248 242 250 241 251 240 253 238 256 64 516 62 515 343
247 246 248 245 249 244 250 243 251 242 252 241 240 254 239 255 238 104 683 316
248 247 249 246 250 244 252 253 242 241 255 240 239 257 258 158 1 175 478 400 533 904
249 248 247 251 252 253 244 254 243 255 256 241 257 240 258 239 259 770 70 637
250 251 248 252 247 253 246 254 245 255 244 256 257 258 241 259 260 410 945
251 250 252 249 253 247 246 256 245 257 244 258 259 242 241 816 721 683 184 215 6 486
252 251 250 254 249 255 248 256 247 257 259 244 260 243 261 262 442 816 116
253 254 251 255 250 256 249 248 258 259 246 260 245 262 243 263 812 983 842
254 253 252 256 257 250 258 249 259 247 261 262 245 263 244 264 732 690 282 291 174
255 253 252 258 250 260 249 248 262 247 263 264 245 640 22 787 70 628 410 437 12
256 254 258 253 252 260 251 250 249 263 264 265 246 266 742 871 782 13 667 530
257 258 254 260 261 252 262 251 250 264 249 265 248 266 267 423 166 764 909 593 401 85
258 257 256 255 254 262 253 263 251 265 250 266 249 267 248 13 461 351 353 522 21 544 756 905 184 112
259 262 254 264 253 265 252 266 251 267 250 268 249 324 991 178 527 633 373
260 262 257 263 256 264 255 265 266 253 267 252 268 269 250 270 80 147 726 628 555 481
261 262 264 257 265 266 254 268 252 270 271 181 30 281 960
262 261 263 260 259 258 266 257 267 268 255 269 254 270 253 252 993 708 280 357 147 186 167 236 617
263 262 264 265 260 266 267 258 256 270 255 271 254 253 273 900 647 654 329 202 436
264 263 265 266 261 267 260 268 259 269 270 257 256 272 255 273 254 274 443 722
265 264 266 263 267 268 261 260 270 259 271 258 272 257 256 274 275 972 938 839 604 573 589
266 265 264 268 263 262 261 271 260 272 259 273 258 274 257 275 256 276 465 46 666 426 508 375 925 315
267 268 265 269 264 263 271 262 273 260 259 275 258 257 277 822 350 122 734 531 940 388 915 625 206
268 267 266 270 265 264 273 262 261 275 260 276 259 277 278 168 335 551 647 446 185
269 270 267 271 272 273 264 275 262 276 260 278 279 636 336 926 663
270 269 271 268 272 265 264 263 277 262 278 261 279 260 280 73 350 828 106 82 645
271 270 272 269 273 267 266 276 265 277 278 263 279 280 261 281 896 681 915 828 166
272 271 273 270 269 275 276 277 266 265 279 264 280 282 739 374 565 488 53 546
273 272 271 276 269 268 278 267 279 266 280 281 264 263 345 437 352 530 153 224
274 275 277 278 279 280 281 266 265 283 264 284 9 358 572 511 876
275 274 272 278 279 280 269 268 282 267 283 266 284 265 961 614 132 728 583 669 66 644
276 277 278 273 279 272 280 271 281 282 269 268 284 285 266 286 183 513
277 276 274 281 272 282 271 283 270 284 285 268 286 267 287 371 608 907 763 921 154 349 947
278 276 280 275 281 274 282 273 283 284 271 285 270 286 269 287 268 288 568 801
279 280 281 276 282 275 274 284 273 285 272 286 271 287 270 269 289 767 927 209 632
280 279 278 282 276 275 274 273 272 271 289 270 486 262 18 596 80 388 673 365 105 957
281 282 279 278 284 277 285 276 287 274 288 273 289 290 271 291 819 92 261
282 281 283 280 284 279 285 278 277 276 288 275 289 290 272 292 34 801 254 588
283 282 284 286 287 278 288 277 290 275 274 293 910 5 947 345 457 124 699 470 138
284 283 285 282 286 281 288 279 289 278 290 277 291 276 292 275 293 274 294 428
285 284 286 287 282 288 281 290 279 278 292 277 276 295 771 390 115 4 352 671
286 285 287 284 288 283 289 290 291 292 279 293 278 294 277 295 276 296 543
287 286 288 285 289 290 283 291 292 281 293 294 279 278 296 277 297 517 318
288 287 289 286 290 285 291 284 292 283 293 282 294 281 296 278 298 948 723 222 224 584
289 288 290 287 291 286 292 293 284 294 295 282 296 281 297 280 279 299 623 858 675 369 195
290 289 291 288 287 293 286 285 295 284 296 283 297 282 298 281 299 300 648 955 434 680
291 290 289 293 288 294 287 295 286 296 284 299 281 301 420 613 594 570 23 254 850 705 93 443
292 293 294 289 295 288 287 297 286 285 299 284 300 301 282 302 952 339 784 887
293 292 294 291 290 296 289 288 298 287 299 286 300 301 284 302 283 303 123 497 498 16 76
294 293 295 292 296 291 297 298 289 288 300 287 301 286 302 284 304 439 495
295 294 296 297 292 298 291 299 290 300 289 301 302 303 286 304 285 305 489 351
296 295 297 294 298 293 300 291 290 302 289 303 288 304 287 305 286 778 952 90 507 478
297 296 298 295 299 294 300 292 303 290 289 305 306 287 307 409 942 230 780 451
298 297 296 300 295 301 294 302 293 303 304 305 290 306 307 288 308 208 37 546 748 60
299 300 297 301 302 295 304 293 305 292 306 291 290 308 289 309 654 901 895 786 223
300 299 301 298 302 297 303 296 304 295 305 294 306 293 307 292 290 310 400 966 797 71 542
301 300 302 299 303 298 305 306 295 307 294 308 293 292 310 291 870 380 832 951 19
302 301 303 300 299 305 298 306 307 296 295 294 310 293 311 292 312 356 797 937 636 745
303 302 304 301 305 300 306 307 298 308 297 296 310 295 311 293 313 476 890 359 58
304 303 306 300 308 299 309 298 310 311 296 312 295 313 294 314 192 62 724 442 926
305 306 303 307 302 308 301 309 300 310 299 311 298 297 313 296 314 295 26 364 21
306 305 307 304 303 309 302 310 301 300 312 299 313 298 314 297 315 316 751 452 385 14 770
307 306 308 305 309 310 303 302 312 301 313 300 314 315 298 316 297 317 512 657
308 307 305 304 312 303 313 314 301 315 299 317 298 318 438 515 46 565 386 243 398 433 516
309 310 307 311 306 312 305 304 314 316 317 318 299 319 16 135 538 990
310 309 311 312 307 313 306 314 305 304 316 303 317 302 318 301 319 300 320 928 127
311 310 312 309 314 315 316 305 317 304 318 303 302 320 321 945 575 432 420
312 311 313 310 314 309 315 308 316 307 306 318 319 304 320 302 322 194 107 144 926 151 749
313 312 314 315 310 316 317 308 318 307 306 320 305 321 304 322 303 323 376 30 706
314 313 315 312 311 310 318 309 319 308 320 307 321 306 305 323 304 691 947 240 13 80 830 480
315 314 316 313 312 318 311 320 321 308 322 307 306 324 771 670 796 371 618 266 855
316 315 317 313 312 320 311 321 310 322 309 323 307 325 306 326 577 619 554 537 687 247 412
317 316 318 313 321 322 311 310 324 309 325 308 326 307 327 502 648 928 440 122
318 317 319 315 321 314 322 313 323 312 324 311 325 310 326 309 308 328 844 287 706
319 318 320 322 323 314 324 325 312 326 327 310 309 449 123 649 39 476
320 319 321 322 316 324 315 325 314 326 313 327 312 311 329 310 330 16 626 457 767 64 353
321 320 322 318 324 317 325 316 326 315 327 314 328 313 329 330 311 331 999 809 889
322 321 323 320 319 325 318 326 317 327 316 315 329 330 313 331 312 405 866 810 760
323 322 324 325 326 319 327 318 328 329 316 330 331 314 332 313 333 588 958
324 323 325 321 327 320 328 319 329 318 330 317 332 315 259 661 706 460 855 781
325 324 326 323 327 322 328 321 329 320 330 319 318 332 317 333 316 334 388 138 430 363 800 903
326 325 328 323 322 321 331 320 332 319 318 334 317 335 316 336 67 508 462 861
327 325 324 330 323 322 332 321 333 320 334 319 335 336 317 646 531 349 826 767 218 556
328 326 325 331 324 332 323 334 321 336 337 318 172 471 782 701 63 775 899
329 330 331 332 325 333 324 334 323 335 322 321 337 320 338 339 263 947
330 329 331 332 327 325 335 324 323 337 322 338 321 339 320 340 787 3 646 188 200 703 564 767 44
331 330 332 329 333 328 326 336 337 338 323 322 321 590 131 758 194 235 789 98 198
332 331 333 330 334 329 335 328 327 337 326 338 325 339 324 340 323 341 342 660 372 908 990
333 332 334 331 335 336 329 337 338 327 339 325 341 342 323 343 216 831 134 952
334 333 332 338 329 339 328 340 327 341 326 342 325 343 102 459 548 65 796
335 333 332 338 339 330 340 329 341 342 327 343 326 344 345 268 607
336 337 338 333 339 340 331 342 343 328 344 327 326 888 785 269 849 352 743 488
337 336 339 333 341 332 342 331 343 330 344 329 345 328 347 716 393 75 511 861
338 339 336 340 335 341 334 342 333 343 332 344 331 345 330 346 329 347 348 506 970 527 547 751
339 338 340 337 341 336 335 343 334 333 345 332 346 347 330 348 329 349 222 292 909 245
340 339 341 338 342 336 335 345 334 346 332 348 349 330 350 625 963 852 568 591 928 486 858
341 340 342 339 343 338 344 337 345 346 335 347 334 333 349 332 350 351 111 696 601 121
342 341 343 340 344 338 346 337 336 335 349 334 350 333 351 332 352 429 978 441 141
343 342 344 341 345 346 339 347 338 348 337 349 336 335 351 334 352 333 563 193 246 729 712
344 343 345 342 346 341 347 348 349 338 350 337 336 352 335 353 354 59 143 872
345 344 343 347 348 341 349 340 350 339 351 338 352 337 353 354 335 273 720 150 283 395 735
346 347 344 348 343 349 342 350 341 351 340 352 339 353 338 354 355 623 190 903
347 346 348 345 349 344 350 343 351 352 341 339 355 338 356 337 357 463 651 624 86 899 358 454
348 347 349 346 350 345 351 344 352 343 353 355 340 356 339 357 338 358 100 832 587 147
349 348 350 347 346 345 353 344 354 343 342 356 341 357 340 358 339 70 327 782 955 277 502 571 718
350 349 351 348 347 346 354 345 344 357 342 358 341 359 340 360 237 850 879 267 427 270 511 91 961 744 818
351 350 352 348 347 355 346 356 345 357 358 343 342 360 341 361 258 902 831 295
352 351 353 348 356 347 346 358 345 344 360 343 361 342 925 273 336 835 560 722 285 616
353 352 354 356 349 357 348 359 346 345 344 363 789 258 227 985 320 820
354 353 355 356 357 350 358 349 359 361 346 362 345 344 364 230 482 217 436 786
355 354 356 357 358 351 359 360 361 348 347 363 346 364 762 492 586 37 596
356 355 354 358 353 352 360 351 361 362 349 363 348 347 366 302 460 39 534 686
357 358 355 359 354 360 353 361 351 363 350 364 349 365 348 366 347 367 262
358 357 359 356 360 355 361 354 352 364 351 365 350 349 367 348 368 225 816 381 646 274 347 587 779
359 358 360 357 361 362 355 363 354 364 353 365 367 350 368 369 383 47 81 889 303
360 359 361 358 362 357 363 356 364 355 367 352 368 351 350 370 15 17 96 577 503 861 109 956
361 360 359 363 358 364 357 365 356 366 355 367 354 369 352 370 351 371 61 53 490
362 363 360 364 359 365 366 367 356 368 369 354 370 371 372 156 849 929 807 74
363 362 364 361 365 360 366 359 367 368 357 369 356 370 355 371 372 353 987 325 210
364 363 365 362 366 361 360 368 359 369 358 370 357 371 372 355 373 354 374 625 569 509 552 768 305 118
365 364 366 363 367 362 368 361 369 359 371 358 357 373 374 375 605 623 33 220 280
366 365 367 364 368 363 362 370 361 371 372 374 357 375 356 376 431 119 729 209
367 366 368 365 370 363 371 362 372 361 373 360 374 359 358 376 357 416 845 384 6 91
368 367 369 366 370 365 371 364 363 362 375 360 376 359 358 706 841 591 43 735 226 440
369 368 371 372 365 373 364 374 363 375 362 361 378 359 12 836 826 289 174 440
370 371 368 372 367 373 366 375 364 363 377 362 378 361 379 360 641 851 859 612 910 171
371 370 369 373 368 367 375 366 376 365 377 364 378 363 362 380 361 381 277 980 315 156 24
372 373 370 374 369 375 376 367 377 366 379 364 380 363 381 362 332 20 448 502 214
373 372 371 375 370 376 369 378 367 379 380 365 364 382 383 703 140 490 128 595 812 259
374 375 372 378 369 379 367 381 366 382 365 364 384 960 272 427 874 951
375 374 376 373 377 372 378 371 379 370 369 368 383 366 365 385 406 266 823 830
376 375 377 373 379 372 380 371 381 382 383 368 384 367 385 366 172 313 10 980
377 376 378 375 379 380 381 372 382 371 383 370 385 387 774 398 21
378 377 379 380 375 381 374 373 383 371 370 369 387 388 662 128 63 793 113
379 378 380 377 381 376 382 375 383 374 384 373 385 372 386 387 370 388 389 825 749 89 627
380 379 381 378 382 377 376 384 386 373 387 372 388 371 389 390 301 90
381 380 382 379 383 378 377 376 386 374 388 389 372 390 371 391 358 159 747
382 381 380 384 379 385 386 377 376 388 374 390 373 391 392 687 787 63 54 500
383 384 381 385 379 378 377 389 376 390 375 391 392 373 393 92 973 359 674 866
384 383 385 382 386 387 380 379 389 390 376 392 393 374 394 10 465 367
385 384 386 383 382 388 389 390 379 391 392 377 393 376 375 395 3 441 306 698
386 385 384 388 389 382 390 381 380 379 393 394 396 753 308 655 896 678
387 388 389 384 390 391 393 380 379 395 378 396 377 163 177 227
388 387 386 385 391 392 393 382 381 380 396 379 397 378 325 802 584 280 267 68 591
389 390 387 391 386 385 393 384 394 383 395 396 381 397 380 398 379 399 973 714 64
390 389 391 392 387 393 386 385 384 396 383 397 382 398 381 399 380 400 285 703 783
391 390 392 389 393 388 394 387 395 396 385 398 383 399 382 381 401 185 570 930 151
392 391 393 390 395 388 396 397 385 384 383 401 382 402 993 942 513 235 915
393 392 394 391 395 390 396 389 397 388 398 387 399 386 400 385 401 384 402 383 403 337 849
394 393 395 396 391 397 398 389 399 401 386 402 403 384 822 219 24 469
395 394 396 393 397 392 391 399 400 389 401 402 387 385 405 50 994 846 76 345 916
396 395 394 398 393 399 392 400 391 401 390 402 389 403 388 404 387 405 386 406 525 543 796
397 395 399 394 400 393 401 392 403 390 404 389 405 388 406 407 465 181 651
398 396 400 401 394 402 393 403 391 390 406 389 407 423 308 928 377 602 192 877
399 400 397 396 402 395 403 394 404 393 405 406 391 407 390 408 389 691 790 807 413 194
400 399 401 398 397 403 396 404 395 406 393 409 390 410 118 300 248 928 572
401 400 402 403 398 404 397 396 406 395 394 408 393 409 392 410 391 411 537 669 847 257
402 401 403 404 399 405 398 407 396 408 395 409 394 410 393 411 392 412 45 674
403 402 404 401 405 400 406 399 398 408 397 396 410 394 412 393 413 5 833 837 205
404 403 405 402 406 401 407 400 408 399 409 397 411 396 412 413 414 802 630
405 404 406 403 407 402 408 399 411 412 397 413 396 414 395 322 115 757 105 68
406 405 404 408 403 409 401 411 400 399 413 398 414 397 396 416 560 464 375 917 37 532 768
407 408 405 409 404 410 411 402 413 414 399 398 397 417 837 467 177
408 407 409 406 405 411 404 412 403 402 401 415 416 399 417 418 218 40 971 176 515 115 667
409 408 410 407 411 406 412 413 404 415 402 401 417 400 418 419 764 297 757 830 974 925
410 409 412 407 413 414 403 417 402 401 400 420 250 636 255 628 501 196 585
411 409 408 414 407 415 406 416 405 417 404 418 402 401 421 971 561 643 54 899 43
412 413 410 414 409 415 408 416 417 405 419 404 403 421 402 851 600 626 683 236 316
413 412 414 415 410 416 409 417 418 407 406 420 405 404 422 403 423 201 785 399 982 507
414 413 415 412 416 411 410 418 419 420 407 421 406 422 405 423 404 424 724
415 414 416 413 417 412 418 411 419 409 421 408 422 423 424 425 997 17 557
416 415 417 414 418 413 419 412 420 411 421 422 423 408 424 406 426 367 450 234
417 416 415 419 420 413 412 411 423 410 409 408 426 407 427 848 575 213 483 673 831
418 419 416 420 415 421 414 413 423 424 411 425 409 427 408 428 778 938 854
419 418 420 417 416 422 415 423 414 424 425 412 426 427 409 908 167 631 184 159 916
420 419 421 418 417 423 416 424 425 414 426 413 429 410 430 291 496 101 311
421 420 422 423 418 425 416 426 415 427 414 428 429 412 430 411 431 645 981 611 32 668
422 421 423 424 419 425 426 427 416 428 415 429 414 430 413 431 432 731
423 422 421 420 419 418 428 417 429 416 430 415 431 414 432 413 433 398 257 143 931 445 834 557 110
424 425 422 426 427 420 428 419 429 418 431 416 432 415 433 414 434 121 202
425 424 426 427 422 428 421 420 430 419 431 418 432 433 415 435 547 83 873 965
426 425 427 424 428 429 422 430 421 431 420 432 419 433 434 417 435 416 436 266 508 824 55 796
427 426 425 424 430 431 422 421 433 434 419 435 418 436 417 437 95 350 212 374
428 429 426 430 425 431 424 432 423 422 434 421 437 418 438 284 667 489 169
429 428 426 432 433 424 423 435 422 436 421 437 420 438 342 743 906 493 923 542 175 781
430 431 428 432 427 433 426 425 435 423 422 421 439 420 997 325 562 478 830 441 893
431 430 432 428 427 435 426 425 424 438 423 439 422 440 421 441 366 569 800 692 555
432 431 433 430 434 429 428 436 437 426 425 424 440 423 422 442 707 501 771 987 613 511 311 881
433 432 434 430 429 437 438 427 439 426 440 425 441 424 442 423 740 128 484 456 562 308 819
434 433 435 432 436 437 439 428 440 427 441 426 442 443 424 444 290 126 934
435 434 436 431 439 430 440 429 441 442 427 426 444 425 445 20 740 142 932 91 180
436 435 437 434 438 432 440 441 442 429 443 444 427 445 426 42 612 529 354 263
437 436 438 439 434 440 433 441 432 442 444 429 428 446 427 273 832 803 255 215 531
438 437 439 436 441 433 443 444 431 445 446 429 447 428 448 308 695 775 714
439 438 440 437 441 442 435 443 434 444 433 445 431 447 430 449 893 177 294 621 818 543
440 439 441 442 437 443 436 435 434 446 433 447 432 448 431 449 649 994 317 98 213 368 369
441 440 442 439 438 444 437 445 436 446 435 447 434 448 433 449 431 451 385 532 553 342 525 430 982
442 441 440 444 439 446 437 436 448 435 449 434 450 433 451 432 452 252 63 220 760 304 834
443 444 445 440 446 439 438 449 436 450 451 434 452 755 264 179 291 738
444 443 445 442 441 447 448 439 449 438 450 437 451 436 452 435 434 454 9 839 834 938 156
445 444 446 443 447 448 441 449 450 439 451 438 452 453 436 435 85 990 423 565 649 885 132
446 445 447 448 443 449 442 450 441 440 452 453 438 454 437 455 456 677 268
447 446 448 445 449 444 450 451 452 441 453 440 439 438 456 457 95 998 216 831
448 447 446 450 445 451 444 452 453 442 454 441 440 457 438 836 761 372 661 871
449 450 447 451 446 452 445 453 444 454 443 455 442 456 441 457 440 458 439 459 319 678
450 449 451 448 452 447 446 454 445 455 444 456 443 442 458 459 460 478 416 867
451 450 449 448 454 447 445 457 444 443 459 442 460 441 461 959 520 748 53 863 600 643 297
452 453 450 449 455 448 447 457 446 458 445 459 444 460 443 461 442 462 956 306 887 597
453 452 454 456 449 448 458 447 459 446 460 445 461 462 463 594 965 156
454 453 455 456 451 457 450 458 449 459 448 460 461 446 462 463 444 347
455 454 456 457 452 458 459 450 449 461 462 463 446 464 465 163 770
456 455 457 454 453 459 450 449 463 447 465 446 466 488 433 841 153 208 521
457 456 455 459 454 460 461 452 462 451 463 449 448 466 447 467 892 956 201 844 22 917 320 283
458 459 460 455 461 454 462 453 463 452 464 465 450 466 449 467 468 914 508 26 490
459 458 457 461 456 462 455 454 464 453 465 452 466 451 467 450 468 449 469 947 334 702 984
460 458 457 464 465 454 466 453 467 452 468 451 469 450 470 2 488 356 141 324 841 901 30
461 462 459 463 458 464 457 465 466 455 467 454 468 453 469 452 470 451 258 681 970
462 461 463 459 465 458 457 455 469 454 453 471 452 472 473 510 326 244 699 964 997 55
463 462 464 461 458 468 457 469 456 470 455 471 454 472 453 473 20 347 213 720
464 463 461 467 460 468 459 469 458 471 455 473 474 924 934 123 204 406 914 928
465 466 462 468 461 460 470 459 471 458 473 456 474 455 475 266 397 771 384 985 208
466 465 468 469 470 461 471 460 459 458 474 457 475 456 476 512 188 935 210 531 565
467 468 469 464 472 461 473 460 474 459 458 476 457 477 872 706 877 169 407 529
468 467 469 466 470 465 471 464 472 463 473 474 461 460 476 459 477 458 478 965 530
469 468 470 467 471 466 473 464 463 475 462 476 461 477 460 478 459 479 64 883 949 394
470 469 471 468 472 466 474 465 475 476 463 477 478 461 460 567 771 283 643
471 470 472 469 468 474 475 466 465 477 464 478 463 479 462 480 481 328 118 489 721 519
472 471 473 470 474 475 468 476 467 478 479 480 463 462 482 892 538 877
473 472 474 475 476 469 477 468 478 467 479 480 465 464 482 463 483 462 518 613
474 473 475 472 476 471 477 470 478 479 468 480 467 481 466 465 483 464 535 676 825 504 803
475 474 476 473 477 472 478 471 479 470 480 469 481 482 483 466 484 465 485
476 475 474 478 473 479 472 480 481 470 482 469 483 468 467 485 466 13 119 569 303 187 494 319
477 478 475 479 474 473 482 471 483 470 484 469 485 468 486 467 506 664 561 727 729 5
478 477 479 476 475 481 474 482 473 472 484 471 485 470 486 469 487 468 450 79 896 11 248 430 296
479 478 480 477 481 476 482 475 483 474 484 473 485 472 486 471 487 488 469 489 564
480 479 481 482 483 476 484 475 485 474 486 473 472 488 471 489 559 773 314
481 480 479 478 485 476 486 475 487 474 488 490 471 661 984 777 60 608 176 638 260
482 483 480 484 479 478 477 487 476 488 475 489 490 473 472 492 122 354 846 679
483 482 484 485 480 486 479 487 488 477 489 476 490 475 491 474 492 473 493 598 417 67
484 483 485 482 486 487 480 488 479 489 478 477 491 475 493 494 433 567 186 225
485 484 486 483 487 488 481 489 480 490 479 491 478 477 493 476 494 475 495 650 743
486 485 487 484 488 483 489 490 481 480 492 479 493 478 477 495 496 280 215 539 340 2 585 134 251
487 486 485 489 484 490 483 482 492 481 493 494 479 495 478 496 497 749 4
488 489 486 490 485 484 492 483 493 482 481 480 496 479 497 498 460 456 85 272 949 820 881 336
489 488 490 487 491 486 492 485 493 484 494 483 495 482 497 480 498 479 499 814 471 873 428 295 788
490 489 488 492 487 493 486 494 485 496 483 497 482 498 481 499 14 745 373 361 177 458
491 492 489 493 494 496 485 497 484 498 483 499 205 836 819
492 491 490 489 495 488 496 487 497 486 498 499 500 483 482 502 113 163 102 355 148 661
493 494 491 495 490 489 497 488 498 487 486 485 501 484 483 503 826 429 534 949 898 621
494 493 495 496 491 497 490 498 489 499 487 501 502 485 484 546 850 146 831 476 240 93
495 494 496 493 492 498 499 500 489 501 487 486 485 505 694 903 628 674 294 32 586
496 495 497 494 498 499 492 500 491 501 490 502 503 488 504 487 505 486 420 863 940 960 574
497 496 494 500 493 501 492 502 491 503 490 504 489 505 488 506 487 507 232 293 529
498 499 496 500 495 494 502 493 492 504 491 505 490 506 489 507 488 508 888 293 990
499 498 500 501 496 495 494 505 492 506 491 507 490 489 509 703 833 719 919 542 622 18
500 499 501 498 502 497 496 504 495 505 506 492 508 509 117 92 18 382 148
501 500 502 499 503 497 505 496 506 495 494 508 493 509 510 511 432 634 821 977 410
502 501 503 500 498 506 497 507 496 494 511 492 512 317 567 80 20 742 372 349 539 758
503 502 501 505 506 507 497 509 496 511 493 516 195 900 360 572 521
504 505 506 507 500 508 509 498 510 497 511 496 512 514 898 474
505 504 506 503 508 501 509 500 510 499 498 512 497 513 496 514 495 515 39 767 81 894
506 505 504 503 509 502 510 501 511 500 512 499 513 498 514 497 515 516 477 143 338 679 706 921
507 508 509 504 510 503 511 502 512 513 514 499 515 498 516 497 662 413 747 296 919
508 507 509 505 511 504 512 514 501 500 516 498 518 743 326 266 426 765 878 458 918 39 825
509 508 510 507 511 506 505 513 504 514 503 515 516 501 500 518 499 519 522 364 242 152 983 45
510 509 511 507 506 514 505 515 504 516 517 518 501 519 520 462 603 839 625
511 510 509 508 507 506 516 504 518 503 519 502 501 860 633 350 186 91 432 337 274
512 514 508 516 507 517 506 518 505 519 504 520 502 522 466 307 706 776 808 227
513 514 515 516 509 517 518 507 506 520 505 521 522 523 42 543 276 392
514 513 515 512 516 517 510 518 509 519 508 520 507 506 522 505 523 504 524 714 59
515 514 513 517 518 510 520 509 522 507 523 506 524 505 308 921 408 246 865 183 28
516 517 514 518 513 519 512 520 511 510 522 509 523 508 507 506 526 503 741 246 135 308
517 516 518 515 514 520 513 521 512 522 523 510 524 525 527 287 698 731 107
518 517 519 516 515 514 522 513 512 524 511 525 510 526 509 527 508 782 549 473 90
519 518 520 521 516 522 523 514 524 525 512 526 511 527 510 509 529 585 141 471 571
520 519 521 522 517 523 516 524 515 514 526 513 527 512 510 451 647 90 935 564 674
521 520 522 519 523 524 517 525 526 527 528 513 530 531 36 240 92 183 182 456 201 503
522 521 523 520 519 525 518 526 517 527 516 528 515 529 514 530 513 531 512 532 121 197 509 258
523 522 524 521 520 526 519 527 528 517 516 530 515 531 514 513 533 120 170 942 603 34 863
524 523 525 526 521 527 520 528 519 529 518 530 517 531 532 515 514 534 208 982 842
525 524 526 522 528 521 530 519 518 517 534 396 92 199 802 786 441 986 623 151
526 525 527 524 523 529 522 530 521 531 520 519 533 518 534 535 516 536 203 795 543 77 707 710 40 687 42
527 526 529 524 523 531 522 532 521 533 520 519 535 518 536 517 537 886 676 964 338 259 113 801 30 23
528 529 530 525 531 524 523 533 522 521 536 537 538 890 954 569
529 528 530 527 531 526 532 524 534 522 537 519 436 660 643 497 467 790 617
530 529 531 528 532 533 526 534 525 535 524 536 523 522 521 812 647 273 942 810 231 256 912 468 795
531 530 532 529 533 528 527 535 526 536 524 538 523 539 522 540 521 327 629 267 466 437 747 587
532 531 530 534 529 535 536 527 537 538 539 524 540 522 739 441 564 666 876 406
533 534 531 530 536 537 528 538 527 526 541 523 543 143 681 694 639 743 248 832
534 533 535 532 536 537 530 529 540 541 526 542 525 524 544 597 703 493 356 170
535 534 532 538 531 530 540 541 542 527 543 526 544 545 244 849 474 941
536 537 534 533 539 532 540 531 530 542 543 528 544 527 545 526 546 999 762 237
537 536 538 539 534 540 533 541 532 542 543 544 529 545 528 546 527 547 401 814 316
538 537 539 535 541 533 543 532 531 545 546 547 528 548 978 994 309 923 472 806
539 538 537 541 536 543 544 545 532 531 548 549 574 179 901 486 126 502
540 541 542 537 536 544 535 545 534 546 547 532 548 531 549 790 184 691 824 149 702
541 540 542 539 543 538 544 537 545 546 535 547 534 548 533 549 550 551 691
542 541 543 540 544 546 537 547 536 548 535 534 550 552 242 499 923 429 784 300
543 542 544 541 546 539 547 538 537 549 536 550 535 552 533 526 927 396 513 286 439
544 543 545 542 546 541 547 540 548 539 550 537 551 536 552 535 553 534 554 137 258 889
545 544 547 548 541 549 540 550 539 551 538 552 537 553 536 554 535 555 692 750 48
546 544 543 549 542 550 541 551 540 538 554 537 536 690 494 28 298 272 799
547 548 545 544 543 551 542 552 541 553 540 554 555 538 537 557 425 659 758 966 734 338 923
548 547 549 550 545 551 544 542 554 541 540 556 539 538 558 334 2 738 939 69 244
549 548 550 551 546 552 545 553 554 543 555 556 541 557 540 539 559 518 675
550 549 551 548 552 553 546 545 544 556 543 557 542 558 541 559 52 911 998 744 75 41
551 550 549 553 548 554 547 555 546 556 545 557 544 558 559 560 541 561 142 54 268 213 707
552 553 550 554 549 547 557 558 545 559 544 560 543 561 542 562 241 364 117
553 552 551 550 556 549 557 558 547 559 560 545 561 544 562 563 887 441
554 555 552 556 551 557 558 549 559 548 560 547 546 562 545 563 544 564 568 245 316
555 554 556 557 558 551 559 560 549 561 562 547 563 545 737 975 260 431
556 555 557 554 553 559 551 561 550 562 549 563 548 565 689 58 631 687 922 197 215 327
557 556 558 555 559 554 560 553 561 552 551 563 550 549 565 566 547 423 415 625
558 557 559 555 561 554 562 553 552 564 551 565 550 566 567 548 568 819 752 912 986
559 558 560 557 561 556 562 555 563 554 564 553 565 552 551 567 550 549 569 480 241 929 665
560 559 561 562 557 563 564 555 565 554 553 552 568 551 569 570 406 22 109 833 885 903 352
561 560 562 559 558 557 556 555 567 553 569 552 570 551 571 411 477 44 231 730 735 838
562 561 563 560 559 565 558 556 555 569 554 570 553 552 235 910 433 430 63 931 948 689 214 732 599
563 562 564 565 560 559 567 568 557 556 555 571 554 553 573 343 776 905 655
564 563 565 567 560 559 569 558 570 571 572 573 554 574 532 479 84 330 214 520
565 564 563 562 560 570 559 558 572 557 573 556 575 991 308 49 445 272 3 466 896
566 569 570 571 573 558 574 557 575 576 739 815 173 853 681
567 568 569 564 570 563 571 572 561 573 574 559 575 558 576 748 502 9 13 470 865 484 636
568 567 571 563 573 574 575 560 576 577 558 578 278 554 983 340
569 570 567 566 572 573 564 575 562 576 561 577 560 578 559 12 364 431 989 476 528 993
570 569 571 572 567 566 574 565 564 576 562 578 561 579 560 580 593 980 291 391 859 880 748
571 570 568 574 567 575 566 576 564 563 580 561 123 635 935 3 591 947 349 519
572 573 570 574 569 575 576 567 578 565 579 564 580 582 854 959 274 503 400
573 572 574 569 568 578 567 566 565 581 564 582 563 583 233 834 770 265 755 938 781
574 573 575 572 571 577 570 578 579 568 580 567 581 566 582 583 564 584 539 694 496
575 574 576 572 571 580 569 581 568 567 583 566 584 565 585 311 756 760 417 668 16 183
576 575 578 579 572 580 571 581 570 569 568 584 567 585 566 586 942 786 0 68 946 40 141
577 578 579 574 580 581 582 583 584 569 568 586 587 208 316 887 833 360 136 152
578 577 579 576 580 581 574 582 573 583 572 584 585 570 586 569 587 568 588 724
579 578 580 577 581 576 582 583 574 584 585 572 570 588 589 841 931 167
580 579 578 582 577 583 576 584 575 585 574 586 587 572 588 571 570 590 835 762 128 931 832 206
581 582 579 583 578 577 585 576 575 574 573 589 590 20 908 193 163 658 604
582 581 583 580 584 579 585 578 586 577 587 588 589 574 590 573 591 572 592 640
583 582 584 581 585 580 586 579 587 578 577 589 590 575 591 574 592 573 593 908 275 179
584 583 585 582 586 587 580 588 579 589 578 590 577 591 576 575 593 574 594 388 720 288
585 584 586 583 587 582 581 589 580 590 579 591 578 592 576 594 575 595 519 878 634 486 410
586 585 587 584 583 589 582 590 591 580 592 578 594 577 576 719 904 160 639 213 355 495
587 586 588 585 589 584 590 583 591 582 593 580 594 578 596 577 239 348 835 358 161 531
588 587 590 584 592 593 582 594 595 580 579 578 598 185 323 115 104 282 914
589 590 587 591 586 592 585 593 584 594 583 595 582 596 581 597 598 579 599 850 118 265 774
590 589 588 587 593 586 594 585 584 596 583 597 582 598 581 599 580 600 331 994 631 944
591 589 593 594 587 586 585 597 584 598 583 599 582 600 601 603 340 368 742 571 388
592 594 589 595 588 597 586 598 585 600 583 601 582 602 157 623 691 94
593 594 591 595 590 596 589 597 588 598 587 599 600 601 584 602 583 570 257 792 96
594 593 592 596 591 597 590 589 599 588 600 587 601 586 602 585 603 584 604 453 790 702 291
595 593 592 598 599 600 589 601 588 603 585 605 188 76 784 373
596 597 594 593 599 600 601 590 602 589 603 604 587 605 690 930 280 355
597 596 598 599 594 600 593 592 602 591 590 604 589 605 606 534 142 874 452
598 597 600 595 602 593 603 592 604 591 590 606 589 607 588 608 239 483 892 8 34
599 600 597 601 596 595 603 594 604 593 605 606 591 607 590 589 785 627 796 980 823 562
600 599 601 598 602 597 596 604 595 605 594 606 593 607 592 608 591 609 590 610 412 451
601 600 602 599 603 605 596 606 595 594 608 593 592 610 591 611 626 870 341 841
602 601 603 600 604 598 606 597 596 608 594 610 593 611 592 914 616 624 398 904
603 602 601 606 599 598 608 609 596 610 595 594 612 613 591 970 510 56 987 619 632 523 616 832 687
604 605 602 606 600 608 599 598 610 597 611 596 612 613 594 614 682 847 265 581
605 604 607 608 601 609 600 610 599 611 612 597 613 596 614 595 615 365 7 99
606 607 604 603 609 602 610 601 611 600 612 599 598 614 597 615 616 210 679 631
607 606 608 605 609 611 612 613 600 599 615 598 617 335 870 869 39
608 607 610 605 611 604 612 603 613 602 614 601 600 616 617 598 618 277 175 166 481
609 607 611 606 605 603 615 617 600 618 835 955 776 952 698 839 763 7
610 611 608 612 613 606 614 605 615 604 616 603 617 602 618 601 619 600 620 151 797 175 125
611 610 612 609 613 608 607 615 606 605 617 604 618 619 602 620 601 621 176 421 759 892 784 805 713
612 611 610 614 615 608 616 607 617 606 605 619 604 620 603 621 622 436 370 897 201
613 611 615 610 616 617 608 618 607 620 605 604 603 623 291 432 473 958 206
614 615 612 616 617 610 618 619 608 620 606 622 605 604 624 275 718 935 786 655
615 614 616 613 617 612 618 611 619 610 620 609 622 607 623 606 624 605 625 817
616 615 617 614 618 613 612 620 621 610 622 608 625 606 626 602 603 188 352
617 616 618 615 619 614 620 613 612 622 611 623 610 624 609 625 608 607 690 947 918 932 262 529 833
618 617 619 616 620 615 614 613 623 624 611 610 609 627 608 628 134 947 315 959 222 969 22 867 663
619 618 617 621 622 615 614 624 625 612 626 611 627 610 629 944 316 603 766 920
620 621 618 617 623 616 624 615 614 626 613 612 611 610 630 155 756 874 227 66 63 232
621 620 622 619 623 624 625 616 626 627 628 629 612 630 611 631 439 493
622 621 623 624 619 625 626 617 627 616 615 629 614 630 612 632 994 65 75 499 773 740
623 622 621 620 627 618 628 617 615 631 613 633 365 942 289 592 236 346 525 108
624 622 626 621 627 620 628 619 629 618 617 631 632 615 633 614 634 71 866 99 189 602 347 232
625 627 622 621 629 630 619 631 617 633 616 634 615 364 806 340 510 267 723 557 151
626 627 624 628 622 621 620 632 619 633 635 616 636 601 412 320 40 74 244 797 955
627 626 628 625 629 624 630 623 631 622 621 633 634 619 635 618 637 599 721 379 660
628 627 629 626 630 631 624 632 623 633 621 635 636 637 618 638 255 223 410 260 495
629 628 630 627 631 632 625 624 634 635 622 636 621 637 619 639 531 955 808 219
630 629 631 628 632 627 633 634 625 636 637 622 638 621 639 620 681 653 404 766
631 630 632 629 633 628 627 625 637 624 638 623 639 640 621 641 40 419 556 837 590 95 606 925
632 631 633 630 634 629 635 628 637 626 638 639 624 640 641 622 848 603 279
633 632 634 631 635 630 636 628 638 627 626 640 625 624 642 623 511 259 854 899 683 739
634 633 635 632 636 630 638 629 640 627 641 642 625 624 644 893 218 501 757 103 585 58 741
635 634 636 633 637 632 638 640 629 641 628 642 627 643 626 644 645 826 571 168
636 635 637 634 638 633 639 641 630 642 629 628 644 645 626 646 269 410 302 244 739 930 567
637 636 635 639 640 641 632 631 643 630 644 629 645 628 646 627 906 961 249
638 639 636 640 635 641 634 642 633 643 632 631 645 630 646 628 958 172 754 481 786
639 638 640 637 641 636 643 645 632 646 631 647 630 648 629 649 893 586 533 946
640 639 641 638 642 637 643 644 635 634 646 633 632 648 631 649 650 255 84 582 46
641 640 642 639 638 637 645 636 646 635 634 649 632 650 631 651 370 680 836 856 54 727 734 843
642 641 643 640 644 638 646 636 648 635 649 634 650 633 651 832 756 49
643 642 644 645 640 646 639 647 638 648 637 635 651 653 715 72 912 948 529 451 411 994 118 470
644 643 645 642 646 647 640 648 649 650 637 651 636 652 635 653 634 201 275 38
645 644 643 647 648 641 650 639 651 638 637 636 635 655 421 211 833 7 52 920 191 270 127 652
646 647 644 648 643 642 650 641 651 640 652 639 653 638 637 655 636 656 327 330 358 227
647 646 648 645 649 644 643 652 653 654 639 656 657 530 268 520 263 69
648 647 649 646 650 645 651 644 652 643 653 642 654 640 639 657 658 290 317 940 82
649 648 650 647 651 652 653 644 654 655 642 641 657 640 658 639 659 760 903 440 445 42 319
650 649 651 648 652 653 646 654 645 644 656 657 642 658 641 659 640 903 752 757 485 165 711 834
651 650 652 649 653 648 646 645 657 644 658 643 642 660 641 191 684 347 397 206 903
652 651 653 650 654 649 655 648 656 647 657 646 658 659 644 660 995 645 69 57
653 652 654 651 655 650 649 657 648 647 646 661 644 662 643 663 193 898 692 217 630 790 691 222 720
654 653 655 652 657 650 658 649 659 648 647 661 662 663 664 299 263
655 654 653 657 652 658 659 660 649 662 663 646 645 665 870 924 386 726 756 563 614
656 657 658 659 652 660 661 650 662 663 664 647 646 666 111 204 804
657 656 655 659 654 653 661 652 662 651 663 650 664 649 648 666 647 667 936 726 307 748 57
658 659 656 660 655 661 654 662 663 652 651 665 650 666 649 648 668 880 581 744 229
659 658 660 657 661 656 662 655 654 664 665 652 666 650 668 649 669 156 547 962 175 100
660 659 661 658 662 656 664 655 666 652 651 669 332 529 708 776 761 627
661 660 659 663 658 664 657 656 666 667 654 668 653 669 670 481 324 909 448 941 85 492
662 660 664 659 658 666 657 667 656 668 655 654 653 672 378 957 783 507 951 49 747
663 664 661 665 666 667 658 657 656 670 655 671 654 653 833 929 797 242 243 618 269
664 663 662 666 661 667 660 668 659 670 657 671 656 672 654 477 823 46 117
665 666 663 667 668 669 670 659 671 658 673 655 675 769 234 559
666 665 667 664 663 669 662 670 661 671 660 659 673 658 674 657 675 656 676 266 532
667 666 668 665 669 664 670 663 671 662 672 661 673 674 675 657 677 687 428 256 156 408
668 667 669 670 665 671 664 672 662 674 661 675 676 659 677 658 67 166 575 421 966
669 668 667 671 666 672 665 673 676 661 677 660 678 659 679 200 126 401 275
670 671 668 667 673 666 674 665 675 664 663 677 678 661 315 789 21 4 704
671 670 672 669 673 668 674 667 675 666 676 665 664 663 680 681 175 965 746 720 285
672 671 673 674 669 675 668 667 677 678 679 664 680 681 662 682 880 750 117
673 672 674 671 675 670 676 669 677 678 667 666 680 665 681 682 78 152 280 417 156
674 673 675 672 676 671 677 670 678 679 668 667 681 666 683 684 383 0 706 495 402 520
675 674 676 673 672 678 671 679 670 668 682 667 683 666 684 665 219 70 980 289 549 935 764
676 675 674 678 673 679 680 671 681 682 669 683 668 684 685 666 686 527 958 474
677 678 674 673 681 672 682 683 670 684 669 668 686 667 687 219 960 446 113 967
678 677 679 676 675 681 674 673 683 672 684 670 686 669 687 688 449 75 768 945 386 920 238
679 678 680 676 675 674 684 672 686 687 688 669 689 889 506 606 47 482
680 679 682 676 686 673 687 672 671 689 690 150 780 641 742 147 862 290
681 682 678 677 685 676 687 674 673 672 671 691 533 630 271 43 461 707 566
682 681 683 680 685 686 677 687 676 688 675 689 690 673 672 692 604 61
683 682 684 685 687 678 688 677 689 676 690 675 691 674 693 840 251 412 633 247 124
684 683 685 686 687 688 679 689 678 677 691 676 692 675 693 674 694 651 820
685 684 686 683 687 682 688 681 691 692 693 676 694 695 902 8
686 685 684 688 689 682 690 680 679 693 678 694 677 695 676 696 865 969 933 209 356 746
687 688 685 684 683 682 692 681 680 694 679 695 678 677 382 847 667 724 556 526 77 316 603
688 687 689 686 690 685 691 684 692 683 693 682 694 695 696 679 697 678 698 750
689 688 691 686 692 693 684 694 683 695 682 697 680 698 679 699 556 803 736 866 562
690 688 692 686 694 695 683 697 682 698 699 680 700 546 596 930 254 617 928 58
691 692 689 693 688 696 685 697 684 698 683 699 700 681 701 314 399 540 592 541 653 882
692 691 693 690 689 695 688 687 697 698 685 699 684 700 701 682 702 545 68 792 754 653 706 819 431 83
693 692 694 691 695 696 689 697 688 698 699 686 700 685 701 684 702 683 703
694 693 696 690 698 689 699 688 700 687 701 686 702 685 703 684 704 495 574 533 849
695 696 693 692 698 690 700 689 701 688 702 687 703 686 704 685 705 80 853 438 801 38
696 695 697 694 698 693 691 701 702 703 688 704 705 686 706 145 190 88 341
697 696 698 699 700 693 701 692 702 691 703 690 704 689 688 706 707 841
698 697 699 696 695 701 694 702 693 703 692 704 691 705 690 689 688 708 517 609 128 913 823 385 15
699 698 700 697 701 702 703 694 693 705 692 706 691 690 708 689 709 462 880 146 856 283
700 699 702 697 703 704 695 694 706 693 707 692 708 691 690 710 235 153 830 791
701 702 699 703 698 704 697 705 696 706 695 707 694 708 693 709 692 710 691 711 328 784
702 701 703 700 704 699 698 697 707 696 708 695 709 694 710 693 711 692 712 594 459 121 540
703 702 704 701 700 706 699 698 708 697 709 696 710 695 711 694 712 693 713 373 499 854 330 390 534
704 703 702 706 701 707 700 709 698 710 697 696 712 695 713 694 714 920 779 193 670
705 706 708 701 709 699 711 698 712 696 714 695 715 855 189 998 291 783 225
706 705 707 704 703 701 711 700 699 713 714 697 715 696 324 368 973 512 692 467 506 674 318 313
707 706 708 709 704 710 702 701 713 700 714 697 717 432 526 75 837 681 551 947
708 707 709 710 705 711 712 703 713 702 714 701 715 700 716 699 717 698 718 262 660 138
709 708 710 707 711 712 705 713 704 714 703 715 702 716 701 717 718 699 719
710 709 711 708 712 707 704 716 703 717 702 718 701 719 700 720 153 40 526 862 932
711 710 712 709 713 708 714 715 706 705 717 718 703 719 702 720 701 880 222 650 871
712 711 713 710 714 709 715 708 717 718 705 719 704 720 703 721 702 62 190 746 792 343
713 712 714 711 715 716 709 717 708 718 707 719 706 720 721 704 703 997 611 888
714 713 715 712 716 711 717 718 709 708 707 721 706 705 723 704 957 40 514 75 36 389 438
715 714 713 717 712 718 711 719 720 709 721 708 722 723 706 724 705 725 643 775
716 714 718 713 719 720 721 710 709 723 708 724 725 726 337 948 221 104 142 227
717 718 715 719 714 720 713 721 712 722 711 723 710 724 709 725 708 726 707 760
718 717 719 716 720 715 714 722 713 712 711 710 726 709 727 708 728 729 614 791 789 349 933
719 718 717 721 716 715 723 724 713 725 712 726 711 727 710 728 709 729 586 499 78
720 721 718 722 717 716 724 715 725 726 713 727 712 728 711 729 710 345 916 463 805 88 584 671 653
721 720 722 719 723 724 717 716 726 715 714 728 713 712 730 251 795 627 471 863
722 721 723 720 724 725 718 717 727 715 730 731 732 95 40 810 264 352 59 965
723 722 721 725 726 719 727 728 717 729 716 730 715 731 714 732 733 90 288 625 873 911
724 725 722 721 727 720 719 730 717 731 716 715 733 734 67 414 687 45 304 578 999 88 197 836
725 724 726 723 727 722 728 729 720 730 719 731 732 717 733 716 734 715 881 867
726 725 723 729 730 721 720 719 733 718 734 717 735 716 736 201 746 125 657 897 260 655 229
727 728 725 729 724 723 722 732 733 720 719 735 718 736 737 25 477 787 641 173 190 909
728 727 730 725 732 723 734 721 735 720 736 719 737 718 24 206 950 275 823 72 769
729 730 727 731 726 732 725 733 734 723 735 736 737 720 738 719 739 718 477 366 343
730 729 731 728 732 726 734 725 735 724 736 723 737 722 721 739 740 794 30 561 2 851
731 730 732 729 733 734 735 725 737 724 723 722 740 241 517 879 20 756 422 929 98 106
732 731 733 730 729 735 728 736 727 737 738 725 739 740 723 741 722 742 254 799 771 562
733 732 734 731 735 736 729 737 738 727 739 726 740 725 741 724 723 743 24
734 733 735 736 731 737 730 729 728 740 741 726 725 743 724 184 267 15 641 547 9
735 734 733 737 732 738 731 739 730 740 729 728 742 727 743 726 744 745 143 561 368 345
736 737 734 738 733 739 732 740 730 742 729 743 728 744 727 745 726 746 4 689 954
737 736 738 735 734 740 733 741 732 742 731 743 730 744 729 745 728 746 727 747 555 755 890 81
738 737 739 736 740 735 741 742 733 732 744 745 746 729 747 748 548 970 21 443
739 738 740 741 736 742 735 743 744 733 732 747 730 748 729 749 532 566 779 272 184 636 107 143 633
740 739 741 738 742 737 743 736 735 745 734 746 733 747 732 748 731 749 730 750 433 435 954 622
741 740 742 739 743 738 744 737 747 734 748 733 749 732 750 516 189 149 634
742 741 743 740 744 739 738 746 737 747 736 735 749 750 751 732 752 256 680 899 915 591 502
743 742 741 745 740 746 739 748 737 749 736 750 735 734 733 753 429 508 16 978 533 485 336 836
744 745 742 746 741 747 748 739 749 738 750 737 751 736 735 753 754 550 350 71 658
745 744 743 747 740 750 738 737 753 736 754 735 755 813 73 490 225 302 114
746 747 744 748 743 749 742 750 751 740 752 738 754 737 736 756 726 712 214 671 686
747 746 748 745 749 744 750 751 742 752 741 740 754 739 738 756 737 757 381 178 859 507 62 662 531
748 747 746 751 744 743 754 741 740 756 739 738 758 567 451 657 49 298 570 186
749 750 747 751 746 752 753 744 743 742 756 741 757 740 758 739 759 487 119 819 893 379 312
750 749 751 752 747 746 754 745 744 756 743 757 742 741 759 740 760 181 545 672 784 688 879
751 750 752 749 753 748 754 747 755 746 756 757 744 742 761 149 306 129 997 864 338 795
752 751 753 750 754 749 755 747 757 746 758 759 760 761 742 762 894 558 650 982
753 752 751 755 756 749 757 758 759 760 745 744 762 743 763 386 893 34 196
754 755 752 751 757 750 758 748 747 761 746 762 745 763 744 764 692 117 865 638
755 754 756 753 752 758 751 761 762 763 764 745 765 443 737 914 573 982 879
756 755 757 758 753 759 751 761 750 762 749 748 764 747 746 766 575 620 993 642 40 258 731 655 800
757 756 758 759 754 753 752 751 763 750 764 749 766 747 767 634 405 409 650 796
758 757 759 756 760 755 754 762 753 763 752 764 766 749 748 331 547 134 502 102
759 758 760 757 761 756 762 763 764 753 765 752 766 767 750 749 769 230 611 941 865 46 145
760 759 758 763 764 765 766 753 767 752 769 750 770 649 575 442 13 840 839 227 192 322 717 893
761 759 763 764 765 756 755 767 754 768 752 770 751 813 448 660 112 955
762 763 764 759 758 767 756 755 754 770 753 771 752 772 917 536 580 77 355 107 959
763 762 761 760 766 759 767 758 768 757 755 771 754 772 753 773 97 277 950 993 232 609 157
764 762 766 761 767 760 759 769 758 770 757 771 756 772 755 773 754 774 409 257 675
765 766 767 761 760 759 771 772 773 774 755 775 5 46 855 508
766 765 767 764 768 763 770 771 760 759 758 757 775 756 776 131 810 37 143 619 630
767 766 768 765 769 764 770 763 771 762 772 761 760 759 776 757 777 505 279 327 981 330 320 134 237
768 767 769 766 770 771 772 763 773 761 776 777 678 364 185 9 406
769 768 767 771 772 764 774 776 777 760 778 759 913 969 665 237 728 106
770 771 768 772 767 773 766 774 775 764 776 762 778 761 760 780 249 573 455 904 216 306
771 770 772 769 773 768 767 766 776 765 777 764 763 762 315 465 432 285 470 732 895 110 199
772 771 773 770 774 769 775 768 776 767 777 765 779 764 780 763 781 762 782 905 104
773 772 771 775 770 776 768 778 780 765 764 782 763 783 146 947 980 622 480 835 965
774 775 772 776 777 770 778 769 779 781 765 783 764 784 206 377 589
775 774 776 773 777 772 779 770 780 783 766 784 765 785 968 715 438 60 886 328
776 775 777 774 778 773 772 780 771 781 770 782 769 768 784 767 785 766 786 609 563 660 512
777 776 778 775 774 780 772 782 771 783 784 769 785 768 786 767 787 481 113 196
778 777 776 781 774 782 773 783 784 785 770 786 769 788 184 977 296 418 986 206
779 781 782 775 783 774 784 785 772 786 787 789 739 704 358
780 782 777 783 776 784 775 785 786 773 787 772 789 770 790 96 680 297 184 826
781 782 779 783 778 784 785 776 786 774 788 789 772 965 88 573 324 429
782 781 783 780 779 778 786 777 787 776 788 789 790 773 791 772 792 518 328 138 256 349
783 782 784 781 785 780 779 787 778 777 789 775 791 774 792 773 793 662 820 390 705 921 936 935
784 783 785 786 781 787 780 779 789 778 777 776 775 793 774 216 292 750 611 595 542 825 701
785 784 786 783 787 788 781 780 779 791 778 792 777 793 776 775 795 599 336 413 829
786 785 787 784 788 782 790 781 780 792 779 778 794 777 795 776 576 525 299 614 638 354
787 786 788 785 784 783 791 782 792 793 780 794 779 795 796 777 797 330 727 255 382 239 103
788 787 789 786 785 791 792 793 782 794 781 796 797 778 798 151 489
789 788 792 793 784 794 783 795 782 796 781 780 798 779 799 353 112 670 718 73 331
790 786 795 796 797 782 798 799 780 594 540 399 176 167 653 529 830 120
791 792 793 788 794 787 795 796 785 797 798 783 782 800 718 907 700
792 791 793 794 789 795 788 787 797 786 798 785 800 783 801 782 802 692 948 712 593
793 792 794 791 795 796 789 797 788 787 785 784 802 783 803 152 983 378 134 195
794 793 795 792 791 797 798 789 799 788 800 787 801 786 802 803 730 7
795 794 796 793 797 792 798 791 799 790 800 789 802 787 803 786 785 805 526 225 721 52 751 104 530 813
796 795 797 793 799 791 790 789 788 787 805 806 315 134 831 599 426 138 757 396 334
797 796 798 795 799 794 793 792 802 791 803 790 804 805 788 806 787 302 862 610 663 300 626 872
798 797 799 795 801 794 802 803 792 791 790 789 807 788 846 859 883 818 870
799 798 800 797 801 796 802 795 803 794 804 805 806 790 808 789 809 732 225 546
800 799 802 803 804 795 805 794 806 792 791 809 810 232 76 431 192 325 756
801 799 803 798 804 807 794 808 792 810 811 105 695 282 527 144 278
802 800 804 799 805 798 797 808 795 809 794 793 811 792 812 388 525 18 404 174
803 801 805 800 806 799 807 798 808 797 809 810 795 811 794 793 689 884 437 139 474
804 805 802 801 807 800 799 809 810 797 811 812 813 27 816 889 94 656
805 804 803 807 802 808 800 810 799 811 797 796 814 795 815 82 720 159 611 18
806 807 803 809 810 811 800 812 799 813 797 815 796 816 625 218 538
807 806 808 805 809 804 810 803 811 801 813 815 798 817 399 362 38
808 807 809 810 805 811 812 803 813 802 814 801 815 799 817 629 512 183
809 808 810 807 806 812 813 804 814 803 802 817 800 818 799 819 321 200 826
810 809 811 808 812 807 806 814 805 804 816 803 801 819 800 820 766 857 722 844 530 322 986
811 810 812 813 808 814 807 815 806 816 805 817 804 818 803 802 820 801 821 957 878 47
812 811 810 814 809 815 808 816 817 806 818 819 804 802 822 530 253 55 373
813 814 811 816 809 817 808 818 807 819 806 820 821 804 822 745 761 167 844 795
814 813 815 812 811 817 810 818 809 819 808 822 805 823 824 489 858 925 140 537
815 814 816 817 812 818 811 819 820 821 808 822 807 823 806 824 805 825 186 39 115 566 198 67
816 815 813 819 812 811 810 822 823 824 825 806 826 251 804 358 108 252
817 818 815 819 814 820 813 821 812 822 811 824 809 825 808 826 807 827 615 239 983
818 817 819 820 815 821 814 822 813 823 812 824 811 825 809 827 828 798 350 439
819 818 817 821 816 815 814 824 813 812 826 827 810 828 809 829 238 281 558 194 48 692 749 210 433 491
820 821 818 822 817 824 815 825 826 813 827 811 829 810 830 783 684 488 353
821 820 822 819 823 818 817 825 826 815 827 828 813 829 830 811 831 501
822 821 820 824 818 826 817 816 828 815 829 814 830 813 831 812 832 267 896 394 44 871
823 824 821 826 827 818 829 816 830 815 814 832 833 905 664 728 375 137 698 599
824 823 825 822 826 827 820 828 819 818 830 817 816 832 815 833 814 834 426 540
825 824 826 827 821 829 820 830 831 818 832 817 816 834 815 835 379 784 474 508
826 825 824 823 822 830 821 831 820 832 819 833 817 835 816 836 635 493 327 369 809 780
827 828 825 829 824 830 823 831 832 821 833 820 819 835 818 836 817 866 880 117
828 827 829 830 831 824 832 833 822 821 835 836 819 837 818 270 146 271 16 856
829 828 830 827 831 832 825 833 834 823 835 822 836 821 820 838 819 839 126 982 785
830 829 831 828 832 827 833 826 825 835 824 836 823 837 822 838 821 820 840 409 430 375 700 790 314 906
831 830 832 829 833 828 834 827 835 826 836 825 838 822 821 841 796 351 333 417 494 154 447
832 831 833 830 834 829 828 836 827 826 838 825 839 824 823 841 822 842 642 348 437 301 603 580 533 994
833 832 834 831 830 836 829 828 827 839 826 840 841 824 842 823 843 499 645 560 663 577 403 16 617
834 833 835 832 836 831 829 839 840 841 842 825 824 573 994 423 444 442 650
835 834 836 838 831 839 830 840 829 841 828 827 826 825 845 133 580 609 893 90 352 587 79 773 873
836 835 837 834 833 832 840 831 841 830 842 829 843 828 844 827 845 826 448 109 369 641 130 491 743 724
837 836 838 839 840 841 843 830 844 845 828 846 847 631 407 707 403
838 837 839 835 841 842 843 832 844 831 830 829 847 848 86 561 83 133 39
839 838 840 837 841 842 835 834 844 833 832 846 847 848 829 849 444 510 265 609 760
840 839 837 843 836 844 835 834 846 833 847 848 849 830 683 66 760 141
841 842 839 838 844 837 845 836 846 835 847 834 833 849 832 831 579 368 456 164 460 697 969 236 601
842 841 843 839 845 838 846 847 836 848 849 834 833 832 852 29 84 142 68 524 253
843 842 844 845 840 846 847 838 848 837 849 836 850 851 852 833 853 934 641
844 843 845 846 841 847 840 839 849 838 837 851 836 854 318 457 810 813 122
845 844 846 843 847 842 848 841 850 851 852 837 853 836 854 835 855 367
846 845 847 844 843 849 842 841 851 840 852 839 853 837 855 856 798 222 395 482 946 956 174
847 846 845 849 844 843 851 842 841 853 840 854 839 855 838 856 837 857 687 604 984 401
848 849 845 851 852 843 842 854 855 840 856 839 857 838 858 185 417 632 906 93 243
849 848 850 847 851 846 853 844 843 855 842 841 857 840 858 839 859 535 362 336 393 238 694
850 849 852 854 845 856 843 857 858 859 860 350 589 494 291
851 849 853 848 854 847 855 846 856 845 857 844 858 843 859 860 861 412 370 730
852 853 850 855 848 856 857 846 845 859 860 843 861 842 862 44 943 209 340 177 949
853 852 851 855 856 849 857 858 847 859 846 860 845 843 863 695 566 21
854 855 851 857 850 859 848 847 861 862 845 844 864 703 572 633 11 876 157 418
855 854 853 857 852 858 851 860 849 861 848 862 847 863 846 864 845 865 705 765 146 324 315
856 857 858 853 852 851 861 850 862 863 848 847 865 846 866 641 875 998 699 884 828
857 856 858 855 859 854 860 853 861 852 862 851 850 864 849 865 848 866 847 867 96 810 144
858 857 859 856 855 862 853 863 864 851 865 850 866 849 848 868 289 225 814 911 340
859 858 857 861 862 863 854 853 852 851 867 850 868 849 911 370 917 798 747 570 222 996
860 861 862 857 863 864 855 865 853 867 852 868 851 869 850 870 174 511 181
861 860 862 859 863 864 857 856 866 855 867 854 868 869 852 851 8 48 45 326 360 337
862 861 863 860 864 859 865 858 866 857 867 856 868 855 869 854 870 871 852 872 797 882 680 710
863 862 864 861 865 860 859 858 868 869 856 870 855 872 853 873 496 451 68 878 120 523 721
864 863 865 862 866 861 867 860 868 869 858 857 871 872 855 873 854 874 907 751
865 864 866 863 867 862 868 860 871 858 872 857 856 874 855 875 686 567 754 759 515 947
866 865 867 864 869 862 861 872 873 858 857 856 876 624 111 242 322 689 827 383 53
867 866 868 865 869 864 870 871 862 872 861 873 860 874 859 876 857 877 7 68 450 618 725
868 867 869 870 865 871 864 872 863 873 862 874 861 875 860 876 859 877 858 878
869 868 870 867 871 866 872 873 864 874 863 875 862 861 860 878 607 918 973 79
870 869 871 868 872 867 873 874 875 876 863 877 862 878 879 860 655 301 607 601 969 101 798 908
871 870 869 873 868 874 867 875 876 865 864 878 879 862 880 256 131 129 448 711 822
872 873 870 874 869 875 868 876 867 877 866 878 865 879 864 880 863 881 862 882 198 467 38 344 797
873 872 874 871 875 870 876 869 868 878 867 866 880 864 863 883 425 489 723 835
874 873 872 876 871 877 870 878 869 879 868 880 867 881 882 865 883 864 884 994 620 180 374 597
875 876 873 877 872 878 871 879 870 880 869 881 868 882 883 884 865 885 856
876 875 877 874 878 873 879 872 880 871 881 870 882 868 884 867 885 866 854 532 274
877 876 875 879 874 880 872 883 870 884 885 868 886 867 887 930 467 228 472 398
878 879 876 880 875 874 873 872 871 885 870 886 869 887 868 985 932 585 508 811 863 125 157 164
879 878 877 881 876 882 875 883 874 884 872 886 871 870 888 889 154 350 731 750 755
880 878 882 877 876 884 875 874 873 872 871 889 672 711 699 24 658 16 570 827 219
881 882 879 883 884 885 876 886 875 874 888 872 890 891 725 76 488 432
882 881 883 880 884 879 885 887 876 888 875 889 874 891 872 892 862 691
883 882 884 881 886 879 887 888 877 889 890 875 891 874 892 873 893 223 964 469 798
884 883 885 882 886 881 887 880 888 879 890 877 891 876 892 875 893 874 894 917 803 856
885 884 886 887 882 888 881 890 891 878 892 877 876 894 875 895 560 954 902 10 445
886 885 887 884 888 883 889 890 881 879 893 878 894 877 895 896 527 50 775 187
887 886 888 885 889 884 883 891 882 892 893 894 895 878 877 897 553 577 292 452
888 887 889 886 890 885 884 892 883 893 882 881 895 879 897 929 498 336 100 78 43 921 977 713 152
889 888 890 887 891 886 893 894 883 895 882 896 880 898 879 679 804 359 321 544
890 889 891 888 892 893 886 894 885 895 884 883 897 881 899 900 528 737 303
891 890 892 889 893 894 887 895 896 885 897 884 898 883 899 882 900 881 901 42 922
892 891 893 890 894 895 888 896 887 897 898 885 899 884 900 883 901 882 902 457 472 611 133 598 965
893 892 891 890 896 889 888 898 887 899 886 900 901 884 902 883 105 753 439 835 634 639 69 749 142 136 430 760
894 892 896 891 897 890 889 900 887 886 902 885 903 884 752 81 121 968 505
895 896 897 892 898 891 899 890 900 889 901 888 902 887 903 886 904 885 905 299 771
896 895 897 894 898 893 899 892 900 891 901 889 904 905 886 906 271 822 478 386 194 919 565
897 896 895 899 894 901 892 902 891 903 890 904 905 888 906 887 907 13 726 148 612
898 899 896 895 901 902 893 892 891 906 889 907 908 653 19 237 493 504
899 898 900 897 896 902 895 903 904 893 892 891 907 890 908 909 925 15 742 633 347 193 411 328
900 899 901 903 896 904 895 905 894 906 893 892 908 891 909 890 910 995 263 69 503 166
901 900 902 898 904 897 905 896 895 907 908 893 909 892 891 911 299 539 982 460
902 901 903 904 899 905 898 906 897 907 908 895 909 894 893 911 892 912 40 108 351 685 915 885 25
903 902 904 900 899 907 897 909 895 911 894 912 495 649 650 955 560 81 325 346 651 5
904 903 902 906 901 907 900 899 909 897 911 896 895 913 914 586 939 97 109 770 248 602
905 902 908 901 909 900 911 897 896 914 895 915 772 823 206 988 563 258 195 968
906 907 904 909 902 910 911 900 912 913 898 897 915 896 637 429 848 203 70 830
907 906 908 909 904 910 903 911 902 912 901 913 914 899 915 898 916 897 917 277 10 101 864 791
908 907 909 910 905 911 912 902 914 901 900 899 917 898 918 419 581 583 332 207 178 158 870
909 908 910 907 911 906 905 904 914 903 915 902 916 901 917 900 918 899 919 987 661 257 339 727
910 909 908 907 913 906 914 915 917 918 919 900 920 283 562 370
911 912 909 908 914 907 915 906 916 905 917 904 918 903 902 920 901 859 550 26 858 723
912 911 913 914 915 908 907 917 906 918 903 921 902 643 558 65 530 980
913 912 914 910 918 907 919 906 920 921 904 923 769 174 985 95 698 79
914 913 915 912 916 911 917 910 918 909 919 908 907 921 922 905 923 904 924 602 755 94 464 458 588
915 914 916 917 912 911 919 910 920 909 907 923 906 905 925 742 271 267 902 392 203
916 915 917 914 918 919 920 911 921 922 909 923 924 907 925 926 720 931 395 419
917 916 915 914 920 921 912 911 910 924 909 925 908 926 907 927 884 762 859 406 457
918 919 916 920 921 914 922 913 923 912 924 911 910 909 927 908 928 869 508 57 617
919 918 920 921 916 922 915 923 914 924 913 926 927 910 928 909 929 210 499 181 896 507
920 919 921 918 922 917 923 916 924 915 925 926 913 928 911 910 930 704 645 130 996 619 678
921 920 922 919 923 918 924 917 925 916 926 927 914 928 913 929 912 182 116 277 238 515 888 783 506
922 921 923 920 924 919 925 918 927 916 928 914 930 932 165 556 891 152
923 922 924 921 925 920 926 919 927 918 916 930 915 931 914 913 933 429 538 542 208 547
924 923 922 921 927 920 919 929 918 917 931 916 932 933 914 934 464 41 655 959 153
925 923 927 922 928 921 920 930 932 917 916 915 935 899 352 92 814 266 409 15 631
926 927 928 923 929 930 921 920 932 919 934 917 935 916 936 304 312 269
927 926 928 925 924 930 923 931 922 932 921 933 934 919 918 936 917 937 543 279
928 927 929 926 925 931 922 921 935 920 936 919 937 918 938 960 317 310 340 690 398 171 400 464
929 928 930 926 932 924 935 936 921 938 919 939 888 362 663 731 559
930 929 932 927 933 926 934 925 935 923 922 939 920 940 877 690 596 977 636 391
931 932 928 927 935 924 923 940 941 423 94 916 562 579 580 30
932 931 933 930 934 929 935 927 937 926 938 925 939 924 940 922 878 435 617 948 710
933 932 934 935 930 936 937 938 927 939 940 941 924 942 923 686 718
934 933 932 936 930 938 939 940 927 941 926 924 464 843 136 434 144
935 936 933 932 931 930 940 929 941 928 942 943 926 925 106 571 466 614 520 675 783
936 935 937 934 938 933 939 940 941 942 929 943 928 944 927 926 946 149 657 236 783
937 936 938 939 940 933 941 932 942 943 944 945 928 946 927 947 302
938 937 939 936 940 941 934 933 943 932 944 946 929 947 928 948 265 444 573 418
939 938 937 941 936 942 934 944 933 932 946 947 930 929 949 959 904 21 548 84 121
940 941 938 942 937 936 944 935 934 946 933 947 932 948 931 949 930 950 496 267 648
941 940 942 939 943 938 937 936 946 935 947 934 948 933 950 931 951 759 535 960 661
942 941 940 944 939 945 937 947 936 948 935 949 950 933 951 952 576 623 523 297 85 392 530
943 944 941 945 947 938 948 937 949 936 950 935 951 952 953 852
944 943 942 946 947 940 939 949 938 950 937 951 936 953 619 131 110 590 206
945 943 947 942 948 949 951 937 953 954 955 311 110 958 678 250
946 944 948 949 950 941 951 940 952 939 938 954 937 936 58 71 212 576 846 13 639
947 948 945 949 944 950 943 951 942 952 941 940 939 938 937 163 459 314 618 773 283 617 571 45 865 707 277 329
948 947 946 945 943 953 942 954 941 955 940 957 938 958 716 205 792 288 643 562 59 932
949 950 947 946 952 945 953 944 954 943 955 942 956 940 939 959 87 54 852 488 493 469 1
950 949 951 952 947 946 954 955 944 956 943 957 942 958 941 959 940 960 728 763 184
951 950 952 953 954 947 955 946 945 957 944 958 943 942 960 941 961 112 662 301 374
952 951 953 950 949 947 957 946 958 959 960 943 942 962 981 292 609 13 296 333
953 952 954 951 955 956 949 957 948 958 959 960 945 961 944 962 943 963
954 953 955 951 957 950 958 949 959 948 960 946 945 963 964 978 740 528 736 885 41
955 954 956 953 957 958 951 959 950 949 961 948 962 963 945 965 170 609 290 629 903 349 626 761
956 955 957 958 953 961 950 962 949 963 965 452 457 185 148 846 133 360
957 956 955 954 960 953 952 962 951 963 950 965 948 966 967 811 714 662 74 194 280
958 959 956 955 961 954 962 953 952 964 951 950 966 967 948 638 945 676 613 995 323
959 958 960 961 962 955 963 954 964 953 952 966 967 950 968 949 451 939 618 924 572 24 103 762
960 959 961 962 957 963 964 954 953 967 952 968 951 950 970 374 928 677 77 941 62 121 261 496
961 960 962 959 963 958 964 965 956 955 967 968 953 969 970 951 971 275 350 637 993
962 961 963 960 964 959 965 958 966 957 967 956 968 955 969 970 953 971 952 972 659
963 962 964 961 965 960 959 967 957 969 956 955 971 954 972 953 973 340 101 159
964 963 965 962 961 967 960 959 969 958 971 972 973 954 974 527 883 462 243
965 964 966 963 967 962 968 961 969 971 957 956 974 955 453 92 781 468 671 892 722 425 773
966 965 967 968 962 970 972 959 973 958 974 957 975 976 547 28 300 116 668
967 966 968 965 969 964 970 963 971 962 972 961 973 960 974 959 975 958 976 957 977 677 202
968 967 966 970 965 971 973 962 974 961 975 960 976 959 977 775 125 95 894 905
969 970 967 972 965 964 974 963 962 976 961 978 979 38 769 199 686 870 618 841
970 969 971 968 967 973 966 974 975 976 977 962 978 961 979 960 980 603 97 338 738 461
971 970 972 973 968 974 967 975 976 965 977 964 978 963 979 962 980 961 981 411 408
972 971 973 974 969 976 967 977 966 978 979 964 980 963 981 962 982 265
973 972 974 971 970 976 977 968 978 967 979 966 980 981 964 982 963 983 706 383 389 202 869
974 973 975 972 976 971 977 970 978 969 979 968 980 967 981 966 982 965 983 964 409 109
975 974 976 977 978 971 979 970 980 981 968 982 967 966 984 985 555
976 975 977 974 978 973 979 972 980 971 981 970 982 969 983 968 984 967 985 966 986
977 976 978 975 979 974 980 973 972 982 971 983 970 984 968 986 967 987 778 501 930 239 888
978 977 976 980 975 981 974 973 972 984 971 985 970 986 969 987 988 538 954 342 743 186
979 977 981 976 982 975 983 974 984 973 985 972 986 971 987 970 988 969 989 131
980 981 978 982 977 976 984 975 974 986 973 972 988 971 989 970 371 570 163 192 675 773 157 599 912 376
981 980 979 978 984 976 986 975 987 974 988 973 989 972 990 971 991 952 19 421 245 767
982 980 984 979 985 986 977 987 976 975 974 973 991 972 524 901 413 0 755 829 13 441 752
983 984 986 979 988 977 989 976 991 974 992 973 993 568 219 225 793 817 253 509 994
984 983 985 982 986 981 987 980 988 979 978 990 977 991 976 992 975 993 994 481 847 459 102 60
985 984 987 982 988 989 990 979 991 978 992 993 976 994 975 995 878 913 465 353
986 987 984 983 989 982 990 981 991 980 979 978 977 995 976 160 142 558 525 67 778 810
987 986 988 985 989 984 990 991 982 981 994 979 995 978 977 997 909 603 363 432 156 35
988 987 989 990 985 991 984 983 993 994 981 995 980 996 979 978 998 121 905 53
989 988 990 987 991 986 992 985 994 983 995 996 981 997 980 979 999 569 193
990 989 988 992 987 986 994 985 995 984 996 997 981 999 0 445 75 498 309 332
991 992 989 993 988 994 987 995 986 996 985 997 984 998 983 999 982 0 981 1 565 259
992 991 993 990 994 989 995 996 997 998 985 999 984 0 983 1 2 102
993 992 994 991 995 997 988 999 985 1 984 983 3 69 262 392 763 756 961 140 114 66 569
994 993 992 996 991 990 998 989 999 988 0 987 1 2 985 984 874 395 538 590 834 622 440 82 106 643 983 832
995 996 993 997 992 998 991 999 990 0 989 1 988 987 986 4 985 5 900 652 51 958 219
996 995 997 994 998 999 992 0 991 1 990 2 989 988 4 5 6 144 920 859
997 996 998 995 993 1 992 2 991 990 4 989 6 987 7 415 430 462 751 713
998 997 999 996 995 1 994 2 3 992 4 991 6 988 8 550 705 447 856 130
999 998 0 1 996 2 995 3 994 4 993 5 992 6 991 7 990 8 989 9 321 536 724
