57152856.000000 4589454.000000 7315547.000000
55662551.000000 4567132.000000 7295918.000000
55680533.000000 4630206.000000 7492204.000000
51579936.000000 4649052.000000 10386118.000000
58116027.000000 4505893.000000 7344115.000000
51459888.000000 4587019.000000 11884061.000000
54818091.000000 4535504.000000 7280885.000000
55751713.000000 4569658.000000 7302027.000000
55253551.000000 4540024.000000 7304809.000000
55687129.000000 4574695.000000 7282879.000000
53495164.000000 4557219.000000 7308786.000000
54080833.000000 4650740.000000 7316508.000000
52554787.000000 4665493.000000 11638778.000000
50580511.000000 4597836.000000 11461553.000000
58620851.000000 4518764.000000 7462776.000000
53678280.000000 4660816.000000 11046798.000000
56038564.000000 4645348.000000 11872191.000000
58928252.000000 4615913.000000 12174846.000000
53479710.000000 4678456.000000 11078540.000000
58951988.000000 4502232.000000 7539359.000000
50953728.000000 4657634.000000 10250074.000000
52226995.000000 4573084.000000 7301365.000000
53122234.000000 4581210.000000 7335201.000000
52339515.000000 4628918.000000 11322344.000000
45818618.000000 4666046.000000 9910086.000000
56050850.000000 4498579.000000 7487082.000000
63974133.000000 4552173.000000 7376469.000000
58703196.000000 4587416.000000 7269716.000000
49849932.000000 4674846.000000 10117460.000000
55129282.000000 4589399.000000 7313890.000000
51186781.000000 4631513.000000 11066277.000000
48191542.000000 4655872.000000 10227429.000000
51837729.000000 4664628.000000 10528612.000000
63097324.000000 4550233.000000 7420229.000000
58676707.000000 4514489.000000 7493152.000000
57165425.000000 4588200.000000 7289211.000000
48015146.000000 4623166.000000 10440753.000000
56377526.000000 4631424.000000 11554313.000000
54092789.000000 4565721.000000 7303742.000000
52895486.000000 4637885.000000 11304322.000000
51579248.000000 4624160.000000 10605256.000000
53545624.000000 4623536.000000 7283387.000000
56211442.000000 4599681.000000 12171355.000000
54164965.000000 4579999.000000 7278623.000000
53229690.000000 4588486.000000 11285816.000000
53177119.000000 4588297.000000 7306405.000000
55758786.000000 4573226.000000 7303681.000000
56025684.000000 4578434.000000 11866153.000000
58426099.000000 4584484.000000 7322924.000000
49860639.000000 4631145.000000 10838780.000000
