61829715.000000 4635139.000000 7328166.000000
55411753.000000 4571800.000000 7303297.000000
57646659.000000 4509296.000000 7485278.000000
52587785.000000 4629257.000000 10405563.000000
57597874.000000 4507958.000000 7361917.000000
53411219.000000 4588089.000000 11965170.000000
61791027.000000 4544466.000000 7275258.000000
52849914.000000 4570477.000000 7303870.000000
54019679.000000 4548311.000000 7316732.000000
53419657.000000 4556875.000000 7274520.000000
57335792.000000 4571324.000000 7318154.000000
58737487.000000 4599921.000000 7305173.000000
52107516.000000 4687700.000000 11682140.000000
53914369.000000 4590211.000000 11957848.000000
58456301.000000 4523370.000000 7470193.000000
47635210.000000 4616047.000000 10575315.000000
49954520.000000 4620016.000000 11275921.000000
56848553.000000 4614765.000000 11818143.000000
48360789.000000 4618747.000000 10778779.000000
59862536.000000 4480804.000000 7524639.000000
49747529.000000 4660262.000000 10067197.000000
61777806.000000 4581346.000000 7289571.000000
62359734.000000 4589218.000000 7321604.000000
52097745.000000 4633117.000000 11211682.000000
47419070.000000 4674395.000000 10022188.000000
65093428.000000 4489192.000000 7482977.000000
56599052.000000 4548515.000000 7363919.000000
53677105.000000 4595897.000000 7270890.000000
45435181.000000 4663154.000000 9865990.000000
52116508.000000 4628900.000000 7304435.000000
55741951.000000 4626127.000000 11217483.000000
52129774.000000 4691187.000000 10345977.000000
52510678.000000 4653351.000000 10403225.000000
56376991.000000 4535382.000000 7399297.000000
59406877.000000 4518915.000000 7496337.000000
56401729.000000 4611945.000000 7284344.000000
47851968.000000 4625904.000000 10345731.000000
50956672.000000 4617920.000000 11293127.000000
55370324.000000 4573183.000000 7301102.000000
51956531.000000 4602094.000000 11179788.000000
49051995.000000 4630774.000000 10420456.000000
57734193.000000 4614970.000000 7281817.000000
56157572.000000 4612497.000000 12129572.000000
59469851.000000 4596178.000000 7274435.000000
56655218.000000 4592799.000000 11414847.000000
55501757.000000 4585319.000000 7287937.000000
60451827.000000 4587389.000000 7312870.000000
53991186.000000 4603300.000000 11649299.000000
55236351.000000 4597230.000000 7339615.000000
47794503.000000 4621338.000000 10623012.000000
