61437931.000000 4568400.000000 7318806.000000
61737127.000000 4564630.000000 7305342.000000
63806208.000000 4570096.000000 7497990.000000
47081335.000000 4625318.000000 10063840.000000
57190701.000000 4512199.000000 7362689.000000
59149454.000000 4574933.000000 12589921.000000
57309902.000000 4535101.000000 7270440.000000
53972535.000000 4567448.000000 7303687.000000
62413651.000000 4536717.000000 7314407.000000
61717409.000000 4561842.000000 7271587.000000
58218589.000000 4564330.000000 7319591.000000
59440767.000000 4600337.000000 7298758.000000
55697129.000000 4611620.000000 11988479.000000
52266346.000000 4588302.000000 11782184.000000
65063230.000000 4513224.000000 7486555.000000
51721025.000000 4615668.000000 11084642.000000
50575395.000000 4606497.000000 11311905.000000
51976793.000000 4607537.000000 11596634.000000
51563453.000000 4607369.000000 10984435.000000
58037575.000000 4479561.000000 7510642.000000
46422596.000000 4658388.000000 9892232.000000
55833321.000000 4566806.000000 7281125.000000
54434443.000000 4583605.000000 7305912.000000
53411162.000000 4595348.000000 11272328.000000
47250927.000000 4658441.000000 10062716.000000
59191083.000000 4512733.000000 7444482.000000
54591256.000000 4562835.000000 7373285.000000
51939296.000000 4585086.000000 7280031.000000
50418160.000000 4709804.000000 10172222.000000
55016606.000000 4597076.000000 7302474.000000
55591222.000000 4615571.000000 11307225.000000
46928174.000000 4652761.000000 10034106.000000
48197461.000000 4652089.000000 10273150.000000
58350731.000000 4533149.000000 7424048.000000
61045049.000000 4490143.000000 7492310.000000
55631660.000000 4579606.000000 7283638.000000
47032963.000000 4616772.000000 10267612.000000
51009636.000000 4614182.000000 11349757.000000
57790054.000000 4587370.000000 7302598.000000
57109080.000000 4594980.000000 11748330.000000
50431963.000000 4631262.000000 10407967.000000
55252570.000000 4598099.000000 7277245.000000
59008892.000000 4590119.000000 12265433.000000
56906341.000000 4580848.000000 7276268.000000
56928408.000000 4580921.000000 11231600.000000
54014369.000000 4572169.000000 7282428.000000
57622902.000000 4564814.000000 7308821.000000
51279506.000000 4573124.000000 11513248.000000
59558089.000000 4592191.000000 7336614.000000
54479474.000000 4641299.000000 11032544.000000
