55248243.000000 4589801.000000 7318886.000000
55862281.000000 4576676.000000 7310600.000000
64790106.000000 4509150.000000 7504675.000000
53155525.000000 4632992.000000 10715888.000000
62339267.000000 4539371.000000 7388503.000000
53167967.000000 4574707.000000 12049023.000000
56459529.000000 4562162.000000 7272665.000000
60453614.000000 4586144.000000 7307339.000000
53805946.000000 4538443.000000 7317530.000000
55454777.000000 4571279.000000 7276314.000000
62005665.000000 4564846.000000 7327446.000000
51197356.000000 4601242.000000 7303271.000000
50006430.000000 4615842.000000 11364941.000000
54646006.000000 4590749.000000 11998646.000000
58047646.000000 4510910.000000 37712057.000000
47823421.000000 4646297.000000 10689710.000000
56409277.000000 4601783.000000 11812051.000000
53478305.000000 4617208.000000 11721544.000000
54438948.000000 4695373.000000 11136111.000000
59486526.000000 4491666.000000 7509176.000000
47942734.000000 4659950.000000 10098984.000000
60998804.000000 4587849.000000 7310988.000000
55815514.000000 4582962.000000 7306518.000000
49697734.000000 4603067.000000 11207530.000000
48736474.000000 4816196.000000 10085795.000000
56138476.000000 4501240.000000 7466800.000000
63393050.000000 4574176.000000 7370012.000000
59933441.000000 4586051.000000 7283462.000000
48120031.000000 4747229.000000 9943029.000000
54368430.000000 4588704.000000 7312443.000000
50426475.000000 4628741.000000 10940805.000000
49174722.000000 4641947.000000 10118481.000000
48933798.000000 4653796.000000 10512563.000000
64256420.000000 4520522.000000 7421488.000000
58648190.000000 4516218.000000 7490897.000000
52697340.000000 4592936.000000 7288318.000000
49597063.000000 4643003.000000 10469364.000000
52171153.000000 4622352.000000 11541700.000000
53209848.000000 4635880.000000 7301526.000000
49135845.000000 4599493.000000 11044941.000000
51096185.000000 4648239.000000 10705245.000000
53773734.000000 4623223.000000 7299856.000000
59341402.000000 4637343.000000 12682927.000000
58710112.000000 4583389.000000 7284926.000000
49982951.000000 4589425.000000 10981247.000000
55360268.000000 4589300.000000 7288896.000000
55384754.000000 4588774.000000 7321754.000000
55659418.000000 4575266.000000 11765896.000000
54040311.000000 4588535.000000 7331411.000000
49715387.000000 4613161.000000 10727568.000000
