61461371.000000 4576894.000000 7306083.000000
57549707.000000 4583078.000000 7301218.000000
57836005.000000 4523325.000000 7467666.000000
52245619.000000 4637322.000000 10435246.000000
57848676.000000 4505771.000000 7353765.000000
53730823.000000 4606108.000000 12074215.000000
58168196.000000 4533464.000000 7269612.000000
60097954.000000 4570091.000000 7321609.000000
63106858.000000 4558154.000000 7320737.000000
52799299.000000 4570476.000000 7280744.000000
60927220.000000 4611834.000000 7335749.000000
56070433.000000 4586765.000000 7299367.000000
50897614.000000 4612714.000000 11370361.000000
51951514.000000 4591362.000000 11510697.000000
63160361.000000 4522215.000000 7490371.000000
48939409.000000 4641503.000000 10674324.000000
53185173.000000 4671085.000000 11623247.000000
51592234.000000 4613557.000000 11752203.000000
55262286.000000 4630368.000000 11053578.000000
61721521.000000 4487163.000000 7552396.000000
44743985.000000 4665928.000000 9747317.000000
61264600.000000 4574001.000000 7301819.000000
62018738.000000 4566246.000000 7318364.000000
49803713.000000 4619592.000000 11212881.000000
47743599.000000 4675881.000000 10038099.000000
56144502.000000 4493958.000000 7467746.000000
53955553.000000 4545122.000000 7369189.000000
54472544.000000 4587456.000000 7282737.000000
47311127.000000 4665501.000000 9965418.000000
56914043.000000 4594608.000000 7299271.000000
51678450.000000 5135723.000000 11299859.000000
46806881.000000 4647657.000000 10053173.000000
53456523.000000 4656016.000000 10568894.000000
62688146.000000 4529259.000000 7413008.000000
55759770.000000 4508419.000000 7483703.000000
55116292.000000 4585797.000000 7300737.000000
49302641.000000 4626419.000000 10525870.000000
56013592.000000 4638402.000000 11664652.000000
60017129.000000 4578382.000000 7304541.000000
52074012.000000 4604335.000000 11225472.000000
53106239.000000 4631086.000000 10728467.000000
56672907.000000 4628718.000000 7275746.000000
50158848.000000 4596293.000000 11704130.000000
58073805.000000 4585333.000000 7271362.000000
51679001.000000 4600495.000000 11265141.000000
54740494.000000 4579836.000000 7306128.000000
55670358.000000 4581597.000000 7312170.000000
58396258.000000 4580292.000000 12059732.000000
61879038.000000 4605906.000000 7344771.000000
49332871.000000 4621652.000000 10798023.000000
