54647499.000000 4578237.000000 7315698.000000
53583431.000000 4584327.000000 7306626.000000
63593536.000000 4525406.000000 7511808.000000
53090872.000000 4651320.000000 10679024.000000
57757261.000000 4512216.000000 12625245.000000
54528661.000000 4576265.000000 11958485.000000
53752951.000000 4549536.000000 7268109.000000
61238235.000000 4563822.000000 7300248.000000
55867681.000000 4547427.000000 7315097.000000
55063419.000000 4623527.000000 7277201.000000
59061793.000000 4557916.000000 7313486.000000
58805671.000000 4637578.000000 7296842.000000
52433796.000000 4621068.000000 11554472.000000
55222064.000000 4587920.000000 11914509.000000
57393397.000000 4539817.000000 7498135.000000
51790258.000000 4627936.000000 10934197.000000
57867498.000000 4694618.000000 11875114.000000
52780718.000000 4645903.000000 11738092.000000
49740989.000000 4617810.000000 10881547.000000
62000778.000000 4484027.000000 7529259.000000
46536250.000000 4671146.000000 9951219.000000
53719767.000000 4574687.000000 7290766.000000
58734043.000000 4572600.000000 7304009.000000
54295698.000000 4606193.000000 11191941.000000
45370537.000000 4668047.000000 9935657.000000
65587705.000000 4495221.000000 7489901.000000
55665925.000000 4555279.000000 7354640.000000
52847492.000000 4599917.000000 7268091.000000
46366850.000000 4665119.000000 9995511.000000
54883849.000000 4591938.000000 7290033.000000
48692630.000000 4632510.000000 10795330.000000
51740621.000000 4666190.000000 10372416.000000
47558135.000000 4654840.000000 10398985.000000
57517520.000000 4544085.000000 7403539.000000
63751119.000000 4521714.000000 7503735.000000
53296770.000000 4588065.000000 7287275.000000
49365076.000000 4631886.000000 10495122.000000
56479468.000000 4640190.000000 11579236.000000
54694397.000000 4563180.000000 7283291.000000
50996045.000000 4605629.000000 11325343.000000
46962678.000000 4623619.000000 10430706.000000
51149762.000000 4607304.000000 7269953.000000
54131001.000000 4598849.000000 12318024.000000
56301696.000000 4580960.000000 7274262.000000
52234260.000000 4593254.000000 11199442.000000
55191967.000000 4582704.000000 7289457.000000
61196744.000000 4583994.000000 7305096.000000
53071878.000000 4756652.000000 11802165.000000
54357084.000000 4578964.000000 7328272.000000
48061819.000000 4615909.000000 10513630.000000
