55093264.000000 4606243.000000 7324400.000000
60879183.000000 4582912.000000 7337557.000000
64883569.000000 4512125.000000 7498900.000000
48630943.000000 4645563.000000 10599499.000000
58025738.000000 4511786.000000 7355987.000000
56468451.000000 4602100.000000 12382980.000000
60478811.000000 4551195.000000 7281885.000000
58295251.000000 4572969.000000 7331117.000000
57056800.000000 4545790.000000 7304706.000000
54452590.000000 4564954.000000 7284343.000000
58144939.000000 4555298.000000 7306336.000000
53776111.000000 4590031.000000 7295885.000000
53647453.000000 4624207.000000 11668991.000000
53987677.000000 4592121.000000 11978118.000000
58375445.000000 4513369.000000 7469946.000000
51751975.000000 4614970.000000 10898109.000000
52916295.000000 4611050.000000 11373247.000000
56315168.000000 4630311.000000 11849809.000000
54444706.000000 4643374.000000 11057916.000000
61632372.000000 4491955.000000 7545607.000000
47235032.000000 4669002.000000 10080776.000000
52120594.000000 4578635.000000 7300741.000000
60542342.000000 4576565.000000 7314522.000000
53486528.000000 4605373.000000 11270621.000000
46772265.000000 4658781.000000 10061413.000000
58561345.000000 4514673.000000 7479462.000000
56544530.000000 4564597.000000 7369678.000000
53493592.000000 4598210.000000 7277650.000000
50350468.000000 4673492.000000 10097766.000000
54296155.000000 4599215.000000 7289077.000000
48655392.000000 4626475.000000 10903838.000000
47310360.000000 4651539.000000 10172672.000000
51144132.000000 4636799.000000 10490731.000000
58318264.000000 4533499.000000 7408029.000000
63595227.000000 4503998.000000 7487875.000000
51810245.000000 4591343.000000 7268299.000000
46413443.000000 4662655.000000 10247169.000000
51050664.000000 4619613.000000 11440813.000000
57366683.000000 4568249.000000 7289897.000000
54556525.000000 4598272.000000 11623997.000000
53111415.000000 4621646.000000 10749781.000000
56925602.000000 4610776.000000 7283400.000000
52407038.000000 4586873.000000 11745772.000000
51408555.000000 4586825.000000 7274479.000000
53748405.000000 4605328.000000 11259471.000000
59940668.000000 4578745.000000 7285977.000000
55618264.000000 4567082.000000 7297750.000000
56506185.000000 4578283.000000 11695299.000000
54934794.000000 4612586.000000 7323992.000000
51190755.000000 4620443.000000 10812883.000000
