55182768.000000 4577144.000000 7326594.000000
55658369.000000 4576134.000000 7301958.000000
58975499.000000 4517222.000000 7491106.000000
50331455.000000 4644993.000000 10398839.000000
55813152.000000 4503321.000000 7470709.000000
53287446.000000 4580662.000000 11895866.000000
55939966.000000 4554939.000000 7280111.000000
55810949.000000 4592576.000000 7327349.000000
57051394.000000 4568693.000000 7313291.000000
55101906.000000 4567577.000000 7275915.000000
54705094.000000 4555796.000000 7306231.000000
57896261.000000 4574873.000000 7294060.000000
52125841.000000 4624928.000000 11729353.000000
58157972.000000 4591497.000000 11790982.000000
59078473.000000 4553193.000000 7482310.000000
50839243.000000 4624672.000000 10988426.000000
52484647.000000 4598471.000000 11446398.000000
51029964.000000 4617349.000000 11579572.000000
49876193.000000 4638445.000000 10893787.000000
63777509.000000 4486642.000000 7538374.000000
48431611.000000 4667285.000000 9931730.000000
61491482.000000 4576210.000000 7306060.000000
60862274.000000 4600907.000000 7315438.000000
51977450.000000 4599853.000000 11353526.000000
47240887.000000 4668877.000000 10122547.000000
59026486.000000 4490652.000000 7513329.000000
54350472.000000 4565792.000000 7382796.000000
54069572.000000 4582909.000000 7274637.000000
46101390.000000 4706318.000000 9943792.000000
54323090.000000 4594828.000000 7309566.000000
53065096.000000 4627375.000000 11006724.000000
46616448.000000 4635853.000000 10062814.000000
46528247.000000 4649309.000000 10370285.000000
62850788.000000 4533253.000000 7397316.000000
56877558.000000 4508110.000000 7484023.000000
59049854.000000 4586172.000000 7278317.000000
47522789.000000 4624891.000000 10304041.000000
57522774.000000 4618370.000000 11907232.000000
55553950.000000 4566879.000000 7291547.000000
49896199.000000 5099500.000000 11183775.000000
49925651.000000 4621811.000000 10795123.000000
53544550.000000 4609216.000000 7283092.000000
52769427.000000 4592530.000000 12023667.000000
54117605.000000 4588392.000000 7282605.000000
53416082.000000 4593999.000000 11191594.000000
54887943.000000 4603429.000000 7300249.000000
57766787.000000 4583261.000000 7311540.000000
52962035.000000 4598495.000000 11651150.000000
52235549.000000 4596134.000000 7326944.000000
52337275.000000 4614857.000000 10780852.000000
