100 1000
0 1 99 98 3 4 5 6 93 92 9 91 43 54 24 95 47 30
1 0 2 3 99 4 97 7 95 8 94 9 93 11 91 37 63 24 32 5 54 83
2 1 3 5 98 7 97 96 10 94 11 93 12 60 15 77 75 51 21
3 2 4 1 0 6 7 99 8 98 97 10 96 11 94 13 93 42 37 47 54 55
4 3 5 6 1 7 0 8 9 99 10 98 97 96 13 95 94 54 45 91 64 40
5 4 6 7 2 8 9 0 10 11 12 13 97 96 15 66 16 91 42 1 23
6 5 7 4 8 3 9 10 11 0 12 13 99 14 98 15 97 16 96 86
7 6 8 5 9 4 10 3 2 12 1 14 15 99 16 98 17 97 59 89 35 88 34
8 7 9 6 10 5 11 4 12 3 14 1 15 16 17 99 18 98 44 48
9 8 10 7 11 6 12 5 13 4 14 15 16 1 17 0 18 19 99 53 65 97 42 92
10 9 11 8 12 7 6 5 15 4 16 3 17 2 18 19 20 96 83 23 38
11 10 12 9 13 8 6 16 5 17 18 3 19 2 20 1 67 27 63 89 70
12 11 13 10 14 9 8 16 7 17 6 18 5 19 20 21 2 22 98
13 12 14 11 15 16 9 17 18 19 6 5 21 4 3 23 30 27 86
14 13 15 12 16 17 18 9 8 7 6 22 23 24 67 96 74 77 25
15 14 16 13 17 18 10 20 9 21 8 7 6 24 5 25 26 75 2 89 90 55 78 74 80
16 15 17 14 18 13 19 12 11 21 10 22 9 23 8 24 7 25 6 26 5
17 16 18 15 19 14 20 13 21 12 22 11 23 10 24 9 8 26 7 60 99 90 83 55 30
18 17 16 20 15 21 14 22 13 23 12 24 11 10 26 9 27 8 28 66 67 30 35
19 20 17 21 16 22 24 13 12 26 11 27 10 28 9 51 40 39 88
20 19 21 18 22 17 23 15 25 26 27 12 28 11 29 10 30 62 85 86 65
21 20 22 19 18 24 17 16 26 15 27 13 29 12 30 92 67 73 84 2 94 38 54
22 21 23 20 24 19 25 18 26 17 27 16 28 14 30 31 12 32 49 51 62 35 89
23 22 24 25 20 26 27 18 28 17 16 30 31 14 32 13 33 84 54 10 5
24 23 25 22 26 21 27 19 18 30 17 31 16 32 15 33 14 34 1 58 87 55 0
25 24 26 23 22 28 20 30 31 16 15 35 73 59 74 43 70 54 49 57 14 91 58
26 25 24 23 29 22 21 31 20 32 19 33 18 34 17 35 16 36 15 63 46 98 58 30 61
27 28 29 24 23 31 22 21 20 34 19 18 36 37 11 78 32 13
28 27 29 30 25 32 23 33 22 34 35 20 36 19 37 18 38 64 39 81 79
29 28 30 27 31 26 32 33 34 36 21 20 38 39 77 66 54 53
30 29 31 28 32 33 34 25 24 23 37 22 38 21 39 20 86 26 99 13 18 0 17
31 30 32 29 33 34 27 35 26 36 25 24 38 23 22 40 41 70 61
32 31 33 30 34 29 35 28 36 37 26 39 24 40 23 22 42 52 57 1 27 44 71 67
33 32 34 31 35 30 36 29 28 38 39 26 40 41 24 42 23 43 73 55
34 33 32 31 30 38 29 39 28 40 27 41 26 43 24 94 45 80 70 64 60 7
35 36 33 37 32 38 31 39 40 41 28 42 43 26 25 7 22 79 18
36 35 38 33 32 31 41 42 29 43 28 44 27 45 26 46 92 77 48 61 59
37 35 39 41 32 42 43 30 45 28 46 27 47 1 60 3 93
38 39 36 35 41 34 42 33 43 31 30 29 47 28 48 98 68 10 21 63
39 38 40 37 35 43 34 44 33 45 32 46 47 30 29 49 28 94 53 61 19
40 39 41 42 43 44 35 45 34 46 33 32 48 31 49 19 77 4
41 40 42 43 38 44 37 45 36 46 35 47 34 48 33 31 51 66 95
42 41 43 40 44 38 37 36 48 35 49 33 51 32 52 3 79 9 90 46 5
43 42 44 41 45 40 39 38 48 37 49 36 50 35 51 34 52 33 53 0 90 25 99 88
44 43 42 41 47 40 48 39 49 50 51 36 52 53 54 8 89 32 95
45 46 43 47 48 41 49 40 50 39 51 37 53 36 55 34 64 4 66 96
46 45 48 41 51 40 39 54 37 55 36 56 72 81 26 84 91 93 42 76
47 48 45 44 50 51 52 41 53 54 39 55 38 56 37 57 69 78 88 3 0
48 47 49 46 50 45 51 44 43 42 54 41 55 40 56 57 38 58 36 97 8 64
49 48 50 51 45 53 44 43 42 56 57 40 58 39 59 22 97 87 25
50 49 51 48 52 47 53 54 45 55 44 56 43 57 60 66 68 88
51 50 49 48 54 47 46 56 45 44 58 43 59 42 60 41 61 65 70 52 19 95 62 2 22
52 53 50 55 56 47 57 58 59 44 60 43 42 62 87 51 32 95 78 92
53 52 54 50 56 49 57 58 47 59 45 61 44 62 43 9 39 29
54 53 51 57 50 48 47 61 46 62 63 44 4 0 25 23 3 81 29 21 1
55 56 52 58 59 50 61 48 62 47 46 64 45 83 33 24 15 90 3 17 92
56 55 57 53 59 52 60 51 61 50 62 49 63 48 64 47 65 46 66 92
57 56 58 59 54 60 53 52 62 63 50 49 65 48 66 47 67 32 25 98
58 57 59 60 55 61 53 63 52 64 51 65 66 49 67 48 68 26 24 25
59 58 57 61 56 62 55 63 64 53 65 52 66 51 68 49 69 7 25 36
60 58 57 56 64 65 67 52 68 51 69 50 70 2 37 17 83 87 34 95
61 62 59 63 58 56 66 55 67 54 53 69 51 71 78 82 36 39 31 26
62 61 63 59 65 66 57 56 55 69 54 70 53 71 52 72 92 20 51 22 87
63 62 61 65 66 59 67 58 68 57 69 56 70 54 72 73 26 75 1 11 38 85
64 66 60 59 69 58 71 56 72 55 73 74 28 45 88 48 34 85 4
65 63 67 62 69 60 70 59 71 58 72 57 73 56 74 51 94 9 90 20
66 67 64 68 63 62 61 71 72 59 58 74 57 75 56 76 18 5 50 45 29 41
67 66 65 70 63 71 72 61 73 60 74 75 58 57 77 18 21 11 96 14 32
68 69 66 71 72 63 73 74 75 60 76 59 77 58 38 90 50 95
69 68 72 65 73 64 74 63 75 62 76 61 77 60 78 59 79 47 84
70 72 67 73 74 65 76 63 77 62 78 79 60 51 82 25 34 31 11 94
71 72 68 74 67 75 66 76 65 77 64 78 79 62 80 61 81 99 32
72 71 73 70 74 69 75 68 76 67 77 66 78 65 79 64 80 63 81 62 82 46
73 72 70 69 77 68 78 67 80 65 81 64 82 63 83 25 21 33 90
74 75 72 71 77 70 78 69 79 68 80 67 81 66 65 64 84 25 14 15 98 90
75 74 72 78 71 79 69 81 68 82 67 83 66 84 15 63 2 88 93
76 77 78 79 72 71 81 70 82 69 83 68 84 66 86 90 46
77 76 78 79 74 73 81 72 82 71 83 70 84 69 85 68 86 67 87 36 2 29 14 40
78 77 79 76 80 75 81 74 82 73 72 84 71 85 70 86 69 87 47 61 27 99 15 52 90
79 78 80 77 81 76 82 75 83 74 84 85 72 86 71 70 88 69 94 42 28 35 91
80 79 81 78 83 84 85 74 86 73 87 72 71 89 90 96 34 15
81 80 79 83 78 84 77 85 76 86 75 74 88 73 89 72 90 71 91 46 28 54
82 84 79 78 86 77 87 76 88 75 89 90 73 91 72 92 70 61
83 84 81 85 80 86 79 87 88 77 89 76 90 75 92 73 55 10 60 94 17 1
84 83 82 86 81 87 80 88 79 89 78 90 77 91 76 92 75 93 74 94 23 69 46 21
85 86 83 87 88 81 80 90 79 91 78 92 77 93 95 20 63 64
86 85 87 84 83 89 82 90 81 91 80 92 79 93 78 77 95 76 96 6 30 20 13
87 86 85 89 84 90 83 91 82 92 80 95 78 96 77 97 52 24 49 62 60
88 89 90 85 91 84 92 83 82 94 81 95 79 97 98 64 75 47 7 43 50 19
89 88 90 87 86 92 93 84 94 83 95 82 81 97 80 99 44 7 15 22 11
90 89 91 88 87 86 85 95 84 83 97 82 98 81 99 80 43 68 76 65 42 73 15 17 55 78 74
91 90 92 93 88 94 87 95 86 96 85 97 84 82 0 81 1 46 5 4 25 79
92 91 93 94 89 95 88 96 87 97 86 98 85 99 84 0 83 82 36 21 56 62 52 55 9
93 92 94 91 95 96 89 97 98 99 86 0 85 1 84 2 3 46 37 75
94 93 95 92 91 97 98 89 99 88 1 2 3 84 4 34 65 79 39 83 21 70
95 94 96 93 97 92 98 91 99 90 89 1 88 87 86 4 85 51 52 0 44 41 68 60
96 95 97 98 93 99 92 91 2 3 4 87 5 86 6 80 10 67 14 45
97 96 98 95 99 94 93 1 92 2 91 3 90 4 89 5 88 6 87 7 9 48 49
98 97 99 96 0 95 94 2 93 3 92 4 90 6 7 88 8 38 12 26 57 74
99 98 0 97 1 96 95 3 94 4 93 92 6 7 90 8 89 9 71 17 43 78 30
