11543623.000000 1812663.000000 3972627.000000
11782203.000000 1782648.000000 4311464.000000
11688278.000000 1786456.000000 3389829.000000
15152103.000000 1822295.000000 4271982.000000
14298132.000000 1846963.000000 4125285.000000
14953395.000000 1860875.000000 4062808.000000
13923364.000000 1905531.000000 3928487.000000
13934385.000000 1831488.000000 3931671.000000
11233108.000000 1798494.000000 4082666.000000
14576953.000000 1809867.000000 4454031.000000
11646394.000000 1777483.000000 4253172.000000
11586318.000000 1787277.000000 4452022.000000
11546536.000000 1798187.000000 4293461.000000
11392881.000000 1791650.000000 4291931.000000
11556979.000000 1781480.000000 5170232.000000
11411868.000000 1772677.000000 4359983.000000
15826516.000000 2013009.000000 3876824.000000
11680550.000000 1818874.000000 3934788.000000
11434484.000000 1802042.000000 4253772.000000
11652133.000000 1766046.000000 3382154.000000
11471041.000000 1809843.000000 4054077.000000
11406335.000000 1779204.000000 4270936.000000
11375951.000000 1806318.000000 4055331.000000
11846464.000000 1764047.000000 3376502.000000
11927847.000000 1806193.000000 4002973.000000
11548310.000000 1798968.000000 4217570.000000
11612705.000000 1770487.000000 3397103.000000
11938667.000000 1818675.000000 5139149.000000
12194985.000000 1870863.000000 3752730.000000
11994083.000000 1813285.000000 4151678.000000
12337950.000000 1863179.000000 3755581.000000
11601952.000000 1837204.000000 3953537.000000
16613662.000000 1986706.000000 4077096.000000
11345226.000000 1809098.000000 4080419.000000
11304861.000000 1799600.000000 4065157.000000
11494816.000000 1841413.000000 3967627.000000
11581276.000000 1810290.000000 3989898.000000
11371504.000000 1796458.000000 4111798.000000
11592598.000000 1876234.000000 3780849.000000
11394770.000000 1799755.000000 4044717.000000
11690373.000000 1808698.000000 4067096.000000
11666512.000000 1802833.000000 4223605.000000
11817902.000000 1858659.000000 3796724.000000
11692881.000000 1842988.000000 3974353.000000
16816186.000000 1966633.000000 4237759.000000
11522329.000000 1782634.000000 4193415.000000
14976082.000000 1839387.000000 5051452.000000
11725019.000000 1800457.000000 4208264.000000
11118468.000000 1812144.000000 3909419.000000
11408331.000000 1785563.000000 4084384.000000
11005192.000000 1763476.000000 3883851.000000
