11887180.000000 1809707.000000 3974534.000000
11270244.000000 1772296.000000 4272836.000000
11167200.000000 1769770.000000 3398401.000000
11490061.000000 1780891.000000 4178337.000000
11562296.000000 1797822.000000 3968069.000000
11966052.000000 1801718.000000 3972055.000000
11395137.000000 1830671.000000 3865810.000000
11411113.000000 1814987.000000 3886603.000000
11450544.000000 1795518.000000 4065541.000000
11759959.000000 1783049.000000 4243433.000000
11896575.000000 1777495.000000 4204529.000000
11778143.000000 1786024.000000 4285449.000000
11948189.000000 1796042.000000 4210962.000000
11829991.000000 1779662.000000 4257297.000000
11616672.000000 1786032.000000 5348133.000000
11178024.000000 1771962.000000 4244650.000000
12020794.000000 1829378.000000 3888396.000000
11815283.000000 1810529.000000 3903877.000000
11621691.000000 1781616.000000 4277090.000000
12231318.000000 1769088.000000 3390178.000000
11166900.000000 1809567.000000 4043944.000000
11173378.000000 1778258.000000 4211162.000000
11453265.000000 1793963.000000 4040562.000000
11685986.000000 1766514.000000 3369376.000000
11793541.000000 1803244.000000 3983006.000000
10923685.000000 1798416.000000 4170897.000000
11963175.000000 1769870.000000 3395661.000000
11708971.000000 1815696.000000 5290174.000000
12223958.000000 1865179.000000 3709655.000000
11856149.000000 1796671.000000 4099724.000000
17524404.000000 2036755.000000 3745893.000000
11093320.000000 1832983.000000 3968647.000000
11554047.000000 1805887.000000 4025787.000000
11428144.000000 1806934.000000 4095090.000000
11448976.000000 1801797.000000 4037884.000000
11918231.000000 1850303.000000 3961737.000000
11518330.000000 1813667.000000 3987884.000000
11877795.000000 1792829.000000 4095065.000000
12547989.000000 1881770.000000 3791928.000000
12055089.000000 1866108.000000 4009487.000000
12144415.000000 1806779.000000 4042893.000000
11773893.000000 1793779.000000 4138377.000000
11781413.000000 1851920.000000 3799449.000000
11557754.000000 1830581.000000 3949492.000000
11341780.000000 1794869.000000 4081852.000000
11933282.000000 1779020.000000 4113768.000000
11284961.000000 1798756.000000 5299075.000000
11587888.000000 1798159.000000 4146807.000000
11513581.000000 1814024.000000 3925044.000000
11443534.000000 1782803.000000 4090775.000000
