35362668.000000 3976270.000000 9070810.000000
35561823.000000 4262764.000000 7746103.000000
38850849.000000 4058373.000000 8310099.000000
38049494.000000 3982452.000000 9393764.000000
36561279.000000 3963180.000000 9390672.000000
37161683.000000 4051342.000000 8451216.000000
35891291.000000 4008134.000000 8975503.000000
36891783.000000 4167224.000000 7730602.000000
33822131.000000 4123155.000000 7806230.000000
36931044.000000 4161499.000000 8305943.000000
38539905.000000 3911311.000000 7230103.000000
36144899.000000 3975652.000000 9688123.000000
36570815.000000 4022375.000000 9132349.000000
35961382.000000 4039012.000000 8437052.000000
36361847.000000 4025464.000000 8515546.000000
37764740.000000 3935116.000000 10488061.000000
39141529.000000 3947743.000000 10313362.000000
36866967.000000 4059505.000000 8198878.000000
36499887.000000 4170442.000000 8331803.000000
35350925.000000 3979558.000000 9508330.000000
36518698.000000 3994299.000000 9133871.000000
35136244.000000 3984189.000000 9140323.000000
35620957.000000 4047305.000000 8500406.000000
37364211.000000 4019455.000000 8483568.000000
35353481.000000 4064144.000000 8251466.000000
37912928.000000 4258465.000000 8225510.000000
36647030.000000 4091468.000000 8163562.000000
37383583.000000 4107393.000000 8574681.000000
38852716.000000 4048942.000000 8345551.000000
35677485.000000 4206704.000000 7859938.000000
38978549.000000 4045711.000000 8518121.000000
34895893.000000 4137324.000000 8218621.000000
38102788.000000 4061567.000000 8232525.000000
39211666.000000 3942915.000000 10304367.000000
36343256.000000 4077140.000000 8167463.000000
36477595.000000 4049464.000000 9138886.000000
35793320.000000 4096293.000000 8101550.000000
37367857.000000 3952411.000000 10154935.000000
37133830.000000 3965958.000000 9960862.000000
34020256.000000 4070537.000000 8180457.000000
35199966.000000 4117585.000000 7845690.000000
36510467.000000 4058116.000000 8128199.000000
37302527.000000 4107916.000000 8079896.000000
33738070.000000 4140691.000000 8016814.000000
32252760.000000 4139424.000000 7744326.000000
36433660.000000 3961523.000000 10098432.000000
37238384.000000 4036857.000000 8509973.000000
39424014.000000 4013435.000000 8891061.000000
39401712.000000 3911980.000000 7196407.000000
36373404.000000 3963158.000000 9767322.000000
