50 150
0 49 34 14 24 48 8
1 31 41 46 26 14 28 19 25 10
2 30 43 9 35 32
3 30 47 13
4 48 5 18 19
5 23 11
6 13 20 11 32 16 22 31 43
7 16 18 39 30
8 36 33 19
9
10 49 41 32 42 46 26
11 42 40 22
12 19 49 35 26 24 37 20
13 27 32 37 36 17
14 37 33 22 43 48 25 40 28
15 47 17
16 35 33 46 36
17 46 29 48 41
18 29 37 45 32 25
19 45 47
20 31 42 39
21 47 39 24 27
22 32 36 31 26 43
23 35 31 36
24 41 27 43 42 35
25 37 26 33
26 32
27 32 38 34 40 43
28 30 44 48 42 45
29 38 44 36
30
31 48 35 32
32 42 47 43
33 44 41
34 35 39
35 41 42 49 37
36 43
37 39
38 48 46
39 45
40 46
41
42
43 47
44 49
45 46
46
47
48
49
