1000 1487
0 1 2 3 4 5 6 7 14 15 16 22 28 30 34 42 48 49 59 73 81 88 107 109 121 125 131 133 134 141 144 148 151 173 175 178 181 190 337 355 521 549 592 608 655 714 718 747 941 981
1 0 2 3 4 5 6 9 10 16 17 18 32 55 63 69 77 80 85 89 94 95 96 119 122 124 138 144 154 155 156 165 174 187 200 239 243 359 428 448 458 463 478 504 528 533 599 652 661 696 710 765 778 977
2 0 1 3 4 5 8 12 30 34 35 43 49 53 67 69 70 79 82 85 95 114 122 123 124 126 127 129 137 158 166 167 168 174 175 180 182 187 194 196 316 489 547 557 561 602 637 805 815 872 907
3 0 1 2 4 5 13 15 20 37 56 78 107 120 146 185 194 200 266 389 712 852 895 975
4 0 1 2 3 5 6 7 11 13 24 32 34 39 40 42 47 49 53 60 70 71 73 76 84 105 107 110 112 118 121 128 134 135 145 150 165 183 188 197 199 201 211 295 331 370 470 596 619 622 650 715 857 950 990
5 0 1 2 3 4 11 19 22 23 26 29 31 33 38 42 43 51 56 57 65 67 71 75 78 84 86 95 102 104 112 113 115 116 119 126 127 130 134 135 140 147 155 157 161 162 163 171 173 175 176 181 192 215 231 284 330 449 538 539 611 613 633 723 762 789 823 839 846 865 880 894 973 992
6 0 1 4 12 27 35 38 64 184 441 888 952 954 99 8 17 20 21 144
7 0 4 8 9 17 18 23 24 87 118 166 169 205 252 255 261 297 322 452 562 828 99 11 14 19 52 59 62 89 110 123
8 7 2 9 18 229 788 6 99 13 15 28 37 47 77 83 118
9 8 7 1 23 25 33 36 51 68 86 137 402 457 574 579 607 620 653 656 658 683 695 717
10 1 14 46 61 84 91 138 150 286 302 338 475 625 995
11 4 5 13 74 98 257 566 593 998 7 99 12 26 31 34 48 76 152
12 2 6 27 241 810 11 99 32 35 44 45 93 116
13 11 3 4 19 21 28 44 55 59 101 109 117 523 556 704 753 8 126
14 10 0 27 47 417 509 99 7 26 32 35 40 41 46 49 56 58 66 74 90 92 117 132 133
15 3 0 16 20 35 57 70 75 77 83 135 152 159 186 194 208 253 304 318 420 471 476 518 616 635 647 674 707 741 767 831 840 858 912 931 986 8 28 102 117
16 1 15 0 19 40 43 98 202 354 512 837
17 1 7 51 626 99 6
18 7 8 1 66 90 105 663
19 13 16 5 114 440 460 480 577 586 705 804 853 861 911 957 7 80
20 15 3 29 150 207 651 99 6 22 26 38 39 41 63 71 88 97 98 115 132 138
21 13 87 6
22 0 5 129 360 20 48 135
23 7 5 9 24 25 33 36 41 45 119 166 179 280 325 863 974 984 985
24 7 4 23 26 36 39 53 92 139 140 169 265 279 290 315 357 400 459 472 479 513 532 554 560 581 664 686 690 713 734 793 802 808 845 873 879 903 928 999
25 23 9 160 328 329 363 680 877 99
26 5 24 151 154 418 429 485 503 642 790 811 896 11 20 14 27 67 83 104 109 120 134
27 14 6 12 54 62 187 214 235 313 333 334 347 353 371 397 414 458 481 514 524 621 675 749 757 836 906 909 920 946 951 978 26 96 147
28 0 13 62 117 159 388 468 629 742 771 926 8 15 29 33 59 78 86 96 128 146
29 5 20 47 58 61 112 250 344 386 507 535 932 28 66 129 144 159
30 0 2 37 38 50 52 58 93 95 111 148 156 164 184 218 251 262 302 321 326 431 489 491 502 514 612 632 666 721 739 744 748 759 785 827 961 967
31 5 68 99 394 680 697 999 11 123
32 1 4 34 44 45 59 65 98 135 147 158 161 207 245 314 356 490 553 628 711 743 751 866 885 887 913 991 12 14 41 60 99 104 127
33 5 9 23 49 85 142 179 183 222 234 254 273 305 336 426 522 530 606 700 758 770 799 820 958 964 989 28
34 0 4 2 32 39 102 115 249 575 781 812 818 955 99 11 47 87 90 100 106 107 116 158
35 2 15 6 87 89 103 111 116 153 233 246 310 312 332 345 381 422 437 461 464 510 516 605 644 669 672 699 727 736 737 764 796 819 908 923 935 959 994 12 14 58 204
36 24 23 9 124 348 432 573 848
37 3 30 8 69 71
38 30 6 5 454 515 564 798 20 88
39 34 4 24 72 408 589 841 939 966 20 99 93 95 153
40 4 16 111 14 49
41 23 852 14 32 20 55 57 79 111 126
42 5 4 0 69 76 80 342 552 566 708 963
43 5 2 16 55 56 126 99
44 13 32 12 120
45 23 32 88 153 236 411 412 438 444 558 677 687 746 801 843 864 878 882 929 970 971 12 75 195
46 10 401 609 769 14 51 78
47 29 14 4 108 154 177 259 351 403 405 505 550 559 584 694 730 733 34 8 68 87 109 116 119 146
48 0 62 22 11
49 4 33 2 0 71 101 132 186 195 205 212 293 311 317 346 421 568 640 760 777 797 824 945 969 14 40 50 133 141
50 30 99 49 60
51 5 9 17 82 86 189 256 722 772 960 981 46 99 62 114
52 30 7 53
53 2 4 24 645 689 99 52 172
54 27 163
55 43 13 1 83 94 96 116 217 927 41
56 5 3 43 191 303 387 634 668 754 891 997 14
57 15 5 99 498 676 719 725 775 830 859 41
58 30 29 72 201 213 271 292 296 306 433 714 716 834 839 936 14 35
59 0 32 13 194 399 548 7 28 69
60 4 147 50 32 75 109 113
61 10 29 396 509 849
62 48 28 27 63 282 361 480 639 892 51 7
63 62 1 20
64 6
65 5 32 92 162 170 248 294 309 343 466 487 571 614 673 710 755 786 791 806 854 938 965 968 987 988 993
66 18 68 205 807 14 29 131
67 2 5 99 26
68 9 66 31 738 47 169
69 2 42 1 191 37 59 70 101 122 153
70 4 15 2 352 536 851 919 69
71 49 5 4 20 37 96
72 39 58 172 238 385 822 201
73 0 4 298 856 862
74 11 300 14 99
75 15 5 172 210 488 500 782 915 60 45 98 118
76 4 42 91 163 244 469 473 494 587 601 795 842 847 850 940 979 11 180
77 15 1 228 258 339 413 809 813 918 922 99 8
78 5 3 141 319 451 983 28 46 125
79 2 146 171 41 125
80 1 42 88 153 527 911 19 137 202
81 0
82 51 2 100 335 340 506 560 779 914
83 15 55 665 8 26 124 154 203
84 4 10 5 756 794 99 90
85 33 1 2 193 199 216 247 263 341 365 546 563 580 638 681 750 874
86 9 5 51 206 890 28
87 35 21 7 97 116 142 149 157 221 382 483 537 551 565 598 679 722 745 47 34
88 0 45 80 174 200 224 374 533 869 910 972 20 38 113
89 35 1 7
90 18 176 195 492 944 84 34 14 108 112 149
91 76 10
92 24 65 320 902 99 14
93 30 276 12 39 127
94 1 55 109 223 443 703 99
95 30 5 1 2 123 159 267 289 301 361 364 373 377 416 445 474 499 501 526 544 582 603 659 884 904 921 925 933 99 39
96 1 55 172 517 631 994 28 27 71 140
97 87 20
98 32 11 16 20 75
99 57 31 110 122 6 7 8 11 12 14 17 20 25 34 39 43 50 51 53 67 74 77 84 92 94 95 32 114 130 141
100 82 106 166 212 349 623 34
101 49 13 390 419 583 591 693 735 69
102 5 34 115 173 192 327 424 545 648 670 766 15
103 35
104 5 26 32
105 18 4 169 256 393 442 447 495 729
106 100 193 275 376 497 585 617 630 701 34
107 4 0 3 123 125 198 232 277 307 395 425 446 529 540 667 720 732 898 962 34
108 47 423 90
109 13 0 94 208 268 308 384 409 439 570 60 47 26
110 4 99 543 7
111 40 30 35 185 198 262 369 372 404 430 486 578 612 682 692 740 783 41
112 4 5 29 218 594 649 728 814 90
113 5 455 467 671 88 60
114 2 19 204 269 278 358 436 531 542 590 600 618 773 776 798 829 835 876 976 99 51
115 102 34 5 136 20
116 5 55 87 35 178 195 362 392 569 588 706 761 948 34 12 47
117 28 13 415 15 14
118 4 7 379 75 8
119 5 1 23 188 283 406 493 520 571 604 641 646 731 752 826 855 883 889 917 942 47 134
120 3 26 44
121 4 0 287 291
122 99 2 1 69
123 107 2 95 276 383 595 726 867 7 31
124 1 36 2 144 237 288 407 427 465 482 525 636 654 702 709 871 881 897 937 83 148
125 107 0 724 79 78
126 43 5 2 886 13 41
127 5 2 190 299 378 748 816 821 900 916 924 93 32
128 4 28
129 22 2 657 29
130 5 209 817 99 135
131 0 324 66 143
132 49 143 875 14 20 151
133 0 996 49 14
134 5 4 0 161 199 219 225 226 240 327 391 434 456 541 550 555 567 597 624 678 698 800 856 868 870 899 930 934 943 947 956 119 26 136
135 32 5 15 4 152 203 368 435 615 792 130 22
136 115 134
137 9 2 258 281 685 80
138 1 10 20
139 24 179 220
140 5 24 200 230 274 367 375 784 803 896 980 987 96
141 78 0 264 99 49
142 87 33 272 398 462 477 763
143 132 160 196 260 662 131
144 0 124 1 242 285 323 610 838 982 6 29
145 4 450 453
146 79 3 511 774 28 47 198
147 60 5 32 27
148 0 30 124
149 87 350 484 90 196
150 4 10 20 534 688 949
151 0 26 496 132
152 15 135 366 768 833 11
153 35 45 80 158 167 227 270 410 435 508 519 572 627 643 684 691 693 787 825 832 844 860 893 901 947 953 39 69 162
154 47 26 1 162 905 83
155 5 1 380 576 660 780
156 30 1
157 5 87
158 2 153 32 34
159 28 95 15 29
160 25 143
161 5 134 32
162 65 5 154 153
163 76 5 54
164 30 185
165 1 4
166 7 100 23 2
167 153 2
168 2
169 24 7 105 68
170 65
171 79 5
172 75 96 72 53
173 5 0 102
174 88 2 1
175 0 5 2
176 5 90
177 47
178 0 116 189
179 33 139 23
180 2 76
181 0 5
182 2
183 4 33
184 30 6
185 3 111 164
186 15 49
187 27 1 2
188 4 119
189 51 178
190 127 0
191 69 56
192 5 102
193 106 85
194 15 2 3 59
195 49 90 116 45
196 143 2 149
197 4
198 111 107 146
199 4 134 85
200 140 1 88 3
201 4 58 72
202 16 80
203 135 83
204 114 35
205 49 7 66
206 86
207 20 32
208 109 15
209 130
210 75
211 4
212 100 49
213 58
214 27
215 5
216 85
217 55
218 112 30
219 134
220 139
221 87
222 33
223 94
224 88
225 134
226 134
227 153
228 77
229 8
230 140
231 5
232 107
233 35
234 33
235 27
236 45
237 124
238 72
239 1
240 134
241 12
242 144
243 1
244 76
245 32
246 35
247 85
248 65
249 34
250 29
251 30
252 7
253 15
254 33
255 7
256 105 51
257 11
258 137 77
259 47
260 143
261 7
262 111 30
263 85
264 141
265 24
266 3
267 95
268 109
269 114
270 153
271 58
272 142
273 33
274 140
275 106
276 93 123
277 107
278 114
279 24
280 23
281 137
282 62
283 119
284 5
285 144
286 10
287 121
288 124
289 95
290 24
291 121
292 58
293 49
294 65
295 4
296 58
297 7
298 73
299 127
300 74
301 95
302 30 10
303 56
304 15
305 33
306 58
307 107
308 109
309 65
310 35
311 49
312 35
313 27
314 32
315 24
316 2
317 49
318 15
319 78
320 92
321 30
322 7
323 144
324 131
325 23
326 30
327 102 134
328 25
329 25
330 5
331 4
332 35
333 27
334 27
335 82
336 33
337 0
338 10
339 77
340 82
341 85
342 42
343 65
344 29
345 35
346 49
347 27
348 36
349 100
350 149
351 47
352 70
353 27
354 16
355 0
356 32
357 24
358 114
359 1
360 22
361 95 62
362 116
363 25
364 95
365 85
366 152
367 140
368 135
369 111
370 4
371 27
372 111
373 95
374 88
375 140
376 106
377 95
378 127
379 118
380 155
381 35
382 87
383 123
384 109
385 72
386 29
387 56
388 28
389 3
390 101
391 134
392 116
393 105
394 31
395 107
396 61
397 27
398 142
399 59
400 24
401 46
402 9
403 47
404 111
405 47
406 119
407 124
408 39
409 109
410 153
411 45
412 45
413 77
414 27
415 117
416 95
417 14
418 26
419 101
420 15
421 49
422 35
423 108
424 102
425 107
426 33
427 124
428 1
429 26
430 111
431 30
432 36
433 58
434 134
435 135 153
436 114
437 35
438 45
439 109
440 19
441 6
442 105
443 94
444 45
445 95
446 107
447 105
448 1
449 5
450 145
451 78
452 7
453 145
454 38
455 113
456 134
457 9
458 1 27
459 24
460 19
461 35
462 142
463 1
464 35
465 124
466 65
467 113
468 28
469 76
470 4
471 15
472 24
473 76
474 95
475 10
476 15
477 142
478 1
479 24
480 62 19
481 27
482 124
483 87
484 149
485 26
486 111
487 65
488 75
489 2 30
490 32
491 30
492 90
493 119
494 76
495 105
496 151
497 106
498 57
499 95
500 75
501 95
502 30
503 26
504 1
505 47
506 82
507 29
508 153
509 61 14
510 35
511 146
512 16
513 24
514 30 27
515 38
516 35
517 96
518 15
519 153
520 119
521 0
522 33
523 13
524 27
525 124
526 95
527 80
528 1
529 107
530 33
531 114
532 24
533 88 1
534 150
535 29
536 70
537 87
538 5
539 5
540 107
541 134
542 114
543 110
544 95
545 102
546 85
547 2
548 59
549 0
550 47 134
551 87
552 42
553 32
554 24
555 134
556 13
557 2
558 45
559 47
560 24 82
561 2
562 7
563 85
564 38
565 87
566 42 11
567 134
568 49
569 116
570 109
571 119 65
572 153
573 36
574 9
575 34
576 155
577 19
578 111
579 9
580 85
581 24
582 95
583 101
584 47
585 106
586 19
587 76
588 116
589 39
590 114
591 101
592 0
593 11
594 112
595 123
596 4
597 134
598 87
599 1
600 114
601 76
602 2
603 95
604 119
605 35
606 33
607 9
608 0
609 46
610 144
611 5
612 30 111
613 5
614 65
615 135
616 15
617 106
618 114
619 4
620 9
621 27
622 4
623 100
624 134
625 10
626 17
627 153
628 32
629 28
630 106
631 96
632 30
633 5
634 56
635 15
636 124
637 2
638 85
639 62
640 49
641 119
642 26
643 153
644 35
645 53
646 119
647 15
648 102
649 112
650 4
651 20
652 1
653 9
654 124
655 0
656 9
657 129
658 9
659 95
660 155
661 1
662 143
663 18
664 24
665 83
666 30
667 107
668 56
669 35
670 102
671 113
672 35
673 65
674 15
675 27
676 57
677 45
678 134
679 87
680 25 31
681 85
682 111
683 9
684 153
685 137
686 24
687 45
688 150
689 53
690 24
691 153
692 111
693 101 153
694 47
695 9
696 1
697 31
698 134
699 35
700 33
701 106
702 124
703 94
704 13
705 19
706 116
707 15
708 42
709 124
710 1 65
711 32
712 3
713 24
714 58 0
715 4
716 58
717 9
718 0
719 57
720 107
721 30
722 51 87
723 5
724 125
725 57
726 123
727 35
728 112
729 105
730 47
731 119
732 107
733 47
734 24
735 101
736 35
737 35
738 68
739 30
740 111
741 15
742 28
743 32
744 30
745 87
746 45
747 0
748 30 127
749 27
750 85
751 32
752 119
753 13
754 56
755 65
756 84
757 27
758 33
759 30
760 49
761 116
762 5
763 142
764 35
765 1
766 102
767 15
768 152
769 46
770 33
771 28
772 51
773 114
774 146
775 57
776 114
777 49
778 1
779 82
780 155
781 34
782 75
783 111
784 140
785 30
786 65
787 153
788 8
789 5
790 26
791 65
792 135
793 24
794 84
795 76
796 35
797 49
798 38 114
799 33
800 134
801 45
802 24
803 140
804 19
805 2
806 65
807 66
808 24
809 77
810 12
811 26
812 34
813 77
814 112
815 2
816 127
817 130
818 34
819 35
820 33
821 127
822 72
823 5
824 49
825 153
826 119
827 30
828 7
829 114
830 57
831 15
832 153
833 152
834 58
835 114
836 27
837 16
838 144
839 58 5
840 15
841 39
842 76
843 45
844 153
845 24
846 5
847 76
848 36
849 61
850 76
851 70
852 3 41
853 19
854 65
855 119
856 134 73
857 4
858 15
859 57
860 153
861 19
862 73
863 23
864 45
865 5
866 32
867 123
868 134
869 88
870 134
871 124
872 2
873 24
874 85
875 132
876 114
877 25
878 45
879 24
880 5
881 124
882 45
883 119
884 95
885 32
886 126
887 32
888 6
889 119
890 86
891 56
892 62
893 153
894 5
895 3
896 26 140
897 124
898 107
899 134
900 127
901 153
902 92
903 24
904 95
905 154
906 27
907 2
908 35
909 27
910 88
911 80 19
912 15
913 32
914 82
915 75
916 127
917 119
918 77
919 70
920 27
921 95
922 77
923 35
924 127
925 95
926 28
927 55
928 24
929 45
930 134
931 15
932 29
933 95
934 134
935 35
936 58
937 124
938 65
939 39
940 76
941 0
942 119
943 134
944 90
945 49
946 27
947 134 153
948 116
949 150
950 4
951 27
952 6
953 153
954 6
955 34
956 134
957 19
958 33
959 35
960 51
961 30
962 107
963 42
964 33
965 65
966 39
967 30
968 65
969 49
970 45
971 45
972 88
973 5
974 23
975 3
976 114
977 1
978 27
979 76
980 140
981 51 0
982 144
983 78
984 23
985 23
986 15
987 65 140
988 65
989 33
990 4
991 32
992 5
993 65
994 96 35
995 10
996 133
997 56
998 11
999 24 31
