50 200
0 35 39 30 44 38 2 25 20 13 43 18
1 46 7 38 43 5 17
2 26 39 9 14 7 38 47 45 0 36 17
3 16 6 46 11 43 26 15
4 43 12 30 16 14 19
5 46 38 43 44 20 23 21 41 40 1 45
6 39 46 35 31 3 44 12 30
7 35 39 17 1 25 2 45 16 38 9 18 21
8 18 48 15 45 46 41 9 35
9 19 15 2 44 35 7 8 10
10 23 36 21 28 44 9
11 18 12 3 42 44 13 19
12 4 11 15 40 25 44 35 6 41
13 32 40 38 43 30 49 0 11
14 36 45 2 4 15
15 46 9 36 33 12 8 14 3
16 32 34 3 42 4 22 7 35
17 33 37 7 34 19 28 1 21 2
18 8 45 28 11 43 0 37 7
19 30 9 35 41 24 29 17 11 4 26
20 39 45 32 24 5 31 0 23
21 30 31 34 40 27 33 5 10 17 23 49 25 7
22 37 27 44 16 24 39 41
23 10 5 20 34 21 25
24 48 20 22 19 45 37
25 31 45 7 12 44 0 40 23 21
26 2 37 43 47 36 3 19
27 22 21 34 40
28 33 34 18 31 38 40 10 17
29 32 47 19 41
30 19 21 35 4 13 46 0 48 6
31 25 21 6 28 37 35 20 45
32 16 13 20 29 36
33 28 17 15 21 39 41 46
34 16 28 21 43 38 27 17 23
35 6 30 0 19 7 37 9 31 12 16 8
36 14 15 40 38 10 32 43 26 2
37 22 35 26 17 31 24 18
38 45 13 5 34 36 1 2 28 0 48 7 41
39 6 20 0 2 7 22 40 33
40 13 42 21 36 12 39 28 5 25 27
41 42 19 5 12 8 33 22 38 29
42 40 16 41 11 49
43 4 5 34 13 1 44 3 26 18 36 0
44 5 22 9 6 43 0 12 25 10 11 47
45 38 25 20 18 14 7 8 24 2 48 31 5
46 6 5 15 1 3 30 8 33
47 29 2 26 44
48 24 8 30 38 45
49 13 42 21
