100 128
0 1 2 3 4 6 8 9 10 12 13 22 32 74 75
1 0 2 3 4 5 8 12 14 19
2 0 1 3 58
3 0 1 2 4 6 9 15 20 22 26 33 90
4 0 3 1 5 7 10 11 13 16 18 19 29 41 45 47 49 50 56 63 64 67 68 71 73 79 80 96 98 99
5 1 4 28 40 92
6 3 0 20 24 25 30 43 44 46 51 57 59 69 81 84 86 94 97
7 4 10 42 16 17
8 0 1
9 3 0 17 16 11 14
10 4 7 0 36 62
11 4 18 9 16 14
12 1 0 14 17 21 27 31 34 35 38 52 54 65 66 70 72 76 77 78 82 83 85 88 91 93 95
13 4 0 16
14 1 12 17 37 48 11 9 16
15 3 87
16 13 4 53 60 61 89 7 9 11 14
17 12 14 9 7
18 11 4 23 39 55
19 4 1
20 3 6
21 12
22 3 0
23 18
24 6
25 6
26 3
27 12
28 5
29 4
30 6
31 12
32 0
33 3
34 12
35 12
36 10
37 14
38 12
39 18
40 5
41 4
42 7
43 6
44 6
45 4
46 6
47 4
48 14
49 4
50 4
51 6
52 12
53 16
54 12
55 18
56 4
57 6
58 2
59 6
60 16
61 16
62 10
63 4
64 4
65 12
66 12
67 4
68 4
69 6
70 12
71 4
72 12
73 4
74 0
75 0
76 12
77 12
78 12
79 4
80 4
81 6
82 12
83 12
84 6
85 12
86 6
87 15
88 12
89 16
90 3
91 12
92 5
93 12
94 6
95 12
96 4
97 6
98 4
99 4
