200 436
0 1 0 43 22 65 2 98 56 103 5 190 10
1 2 0 10 5 9 1 56 153
2 0 5 1 16 51 27 104 9 10 23 93 103 77 181 43
3 0 1 9 33 43 153
4 0 41 10
5
6 1 3 63
7 0
8 0 1 23 155 16 48
9 1 0 23 22 48 88 2
10
11 0 27 65
12 0 48 1
13 0 142 93 3
14 0 5
15 1 9 0
16 0 1
17 0 22
18 3
19 0
20 0 1
21 0
22
23
24 0
25 0
26 0 1
27 0
28 0 1 5 67 101
29 5 23 16 1
30 1 67
31 0 2 48 36
32 0
33 22
34 0 5
35 0 27 67
36 0
37 1 0 23 58
38 9
39 0
40 2 10 40
41 0
42 0
43
44 3 0 41
45 0 52 2
46 23 0 10
47 1
48
49 0 1
50 0
51
52
53 10 0
54 0
55 0
56 0 193
57 0
58 0 33
59 0
60 0
61 0
62 43
63 22
64 48
65
66 0
67 0
68 0
69 39
70 1 0 16
71 48
72 65
73 0 1
74 1
75 0
76 0
77 10 0
78 0
79 0
80 65
81 0 14
82 17 36 5
83 0
84 0
85 0 67
86 0
87 48
88
89 0
90 10
91 5 0
92 0
93 1
94 0 5
95 0
96 1 88
97 0 1
98
99 0
100 0 1
101 43
102 67
103 0
104
105 38
106 43
107 0
108 22
109 0
110 0
111 0
112 0 5
113 0
114 0
115 1
116 1
117 0
118 0
119 0 56
120 1
121 48
122 0
123 27
124 23
125 33
126 0
127 17 155 0 9
128 0
129 1
130 1
131 1
132 0
133 0
134 23
135 111
136 0
137 23
138 88 27
139 0
140 0
141 0
142
143 0
144 0
145 1
146 0
147 0
148 0
149 0
150 107
151 0
152 0
153
154 5
155
156 138
157 116 91
158 27
159 0
160 0
161 0
162 43 103
163 152
164 103
165 0
166 48
167 22
168 0
169 0
170 1
171 1
172 65
173 0
174 0
175 1
176 0 22
177 0
178 0
179 22
180 67
181
182 5 0
183 138
184 22
185 0
186 93
187 0
188 65
189 76
190
191 10
192 168
193
194 16
195 65
196 1 27
197 0
198 0
199 0
