2000 4297
0 1 2 0 47 15 25 83 55 123 159 163 87 257 275 79 75 298 7 80 45 74 526 332 8 560 64 282 43 626 406 269 150 26 226 279 949 18 13 63 49 1237 14 440 419 1335 263 512 806 70 737 418 376 858 597 1735 1822 1825 377 1944 117 369
1 2 376 1180
2 0 2 18 13 30 10 15 78 7 71 63 226 76 281 79 299 301 338 350 276 83 459 55 123 463 298 64 517 550 1145 655 3 1329 1353 54 1120 1457 269 341 737 25
3 2 0 45 76 163 297 14 15 465 438 85 55 508 1094 226 1389 1388 1398 1977
4 2 85 0 18 55 1113 181 1507 1596 298 341
5 0 2 42 64 63 14 70 157 18 126 1340
6 2
7 2 76 70 18 0 15 662 83 49 63 28 80 1 14 187 438
8 1 5 2 49 3 43 691
9 2 7 159 0 25 226 459 70 32
10 2 0 226 269 15 465 14
11 2 0 70 991 49
12 2 219 303
13 2 263 0 741 1028 174 50
14 2 26 304 55 482 229 25 153 49 0 690 15 735 1 63 263 273 1160 1166 1177 226 471 287 137 444 595 1435 1280 1635 257 1661 1693 269 1000 1823 879 159 277 75
15 0 2 1683
16 0 2 1 7 76 441 18 565 263 15 377 30 247 273 534 1853 1928
17 2 25 79 43 0 858 141
18
19 2
20 2 189 259 1 263 29 630 86 269 702 64
21 2 126 29 199 368 951 402
22 2 186 54 45 298 42
23 2 181 6 30 144 0 15 1043 1373 668
24 2 403 1191
25
26 10 2 18 0 279 80 549 625 55
27 2 42 1170 1
28 2 18 251 636 703 1010
29 2 0 55
30 2 1263
31 2 1210 83
32 2 63 83 141 660 281 1307 1615 0 937 304 991
33 2
34 2 18 1676 43
35 2 0 233 282 159 55 1448
36 2 55 43 80 49 56 14 187 70 1062 687 836 272 263
37 2 123 25 75 15 30 209 602 189 1296 1398 263 49 63
38 2
39 2 149 45 1153 15 83
40 18 0 358 2
41 2 54 87 186 115 1192 1725
42
43 2 63 1122
44 2 0 750 181
45
46 2 184
47
48 2 13 0 1199 377
49 2 63 10 76 282 1 30 273 339 491 115 65 42 1192
50 2 18 269
51 2 424
52 2 178 55 7 47 153 928 1507
53 2 45 135 287 339 1474
54 2 83 0 15
55
56 47 229 2
57 2
58 2 218 117 18
59 2 141
60 2 339 472 6
61 2
62 2 0
63 2 49 63 0 70 55 181 904 210 251 247 18 1059 1 64 226 1373
64
65 2 784
66 2 79 25 18 126 329 251 159 0
67 0 2
68 2 87 15
69 2 271 0 112 951
70 0 2 472 709 226
71 2 26
72 70 339 2 332 45 18
73 2 0 148 472 1016
74 2 341 515 63
75 70 2
76
77 18
78 2
79
80
81 2 43 403 0 277 263
82 2 584 761 643 1 0 123 472
83
84 18 2
85
86 2 13
87 2 75 954 561 804 15 1863 3 1671
88 83 281 117 63 2 25 525 189 239 79 1758
89 13 55 2 0
90 0 2
91 30 0 42 2
92 2 0 273 377 83 148
93 18 2 181 10
94 80 2 49 276 1900
95 2
96 18 377
97 2
98 2 126
99 2 402
100 83 377 2 323 451 1699
101 2 80 269
102 2
103 18 63 279 86 123
104 2
105 2 263 14 29 1324 165
106 5 2 105 226
107 0
108 0 376 2
109 2 55 780 18 1127
110 55 2 64
111 2 15 1461
112 0 2 339 76 123 1426 1843
113 2 18
114 2 75 13
115 2
116 2 255 1036
117 2 115 357 70 884 76 468 1016 1263
118 55 269
119 2 75
120 2 70 76 1698
121 2 352
122 82 479 2
123
124 2 332 560 92 15 42 1123 76
125 2
126
127 2 63
128 2
129 2 506 918
130 2 247 115
131 2
132 2 92
133 18 5 2
134 2 54 25 293
135 5
136 2
137 2 145
138 2 402
139 2 0 29 597 1843
140 63 2 1865
141 2
142 2
143 2
144 2 226
145 2
146 70 1210
147 0 2 377
148 126
149 0
150 2 15 5 665 1 315
151 2
152 14 2
153 1 189
154 2 159
155 2 63 5
156 45 1250
157 2 263
158 2 226 1025
159
160 2
161 2
162 2 339 86 247
163 2 226 0 298
164 2 224
165 2 0
166 55 86
167 2 199
168 2 43 45 723 18
169 2 304 18 774
170 49 2
171 2
172 2
173 0 2 18 413 15
174 2 269 15
175 80 2
176 45
177 2
178
179 0 2 123 1260
180 2 55 628
181
182 2 0 1179 64 55
183 2 564
184 79
185 2
186
187 1
188 15 226 2
189
190 110 904 18 251 633 2 15
191 141
192 2 18 25 0 178 643
193 15
194 14 2 63 643
195 2 269 451
196 2
197 2 920 247
198 2 978 0 597
199 92 2 0 6
200 2 18
201 2
202 2
203 15
204 2 143
205 15
206 55
207 2
208 2
209 2
210 167 263 2 55
211 25 2 18 14
212 70 2
213 2
214 2
215 45 2 15
216 2
217 76 2 403
218 2 86 0 272 5
219
220 15 2
221 2
222 2
223 2
224 2
225 2
226
227 2 18 3 977 226 43 63 0
228 55 2 640 597
229
230 2 950 5
231 2
232 126 45 1189 2 991
233 2 226 5 55 1957
234 2 431 1758 164
235 2 45 199 1263 229 43 15 1809
236 76 368 463 1383 55
237 2
238 49
239 63 2 15
240 2 597 162
241 2 115
242 54
243 2
244 2 1295
245 2 1737
246 2 1607 1715
247
248 2 226
249 30
250 2 377 0 163
251 115
252 55 226 18 2 32
253 2
254 0
255 2 0
256 55
257
258 76
259
260 226 18 63 459 2
261 2
262 76
263
264 2 755 42 0 30 25 1465 247
265 2
266 2 205
267 13
268 2
269 2 687
270 2
271
272 2
273 2 55
274 0 1340
275
276 2 55 643 18 269 361 1615
277 2 463 1002
278 32 2 0
279
280 247 369 2 0 277
281
282
283 64 159
284 2
285 2 32 908 476
286 2
287 2
288 2 15
289 163 298 14
290 2
291 80
292 18 2 79
293 18 2
294 0 25 907 584
295 115 418 279
296 0 2 7
297
298
299
300 2
301
302 80
303
304 2 76 369 1322 83
305 32 0 2
306 117 559 912 123
307 2 15
308 2
309 2 1 83
310 0
311 258
312 2 272
313 2 730 1427
314 15
315 2 226
316 2 163
317 2
318 151 2 76 0 440 263 304
319 2
320 2
321 2 70 526
322 2
323 2
324 1 2 149
325 2
326 2
327 2 1994
328 2
329 2
330 2 740 946 30
331 2
332 2
333 2
334 2 124 70
335 2 30 1633
336 2 836
337 226 597 79
338
339
340 25
341 2
342 80 323
343 18 2 263 168
344 2 756
345 2
346 2
347 229 2 0 691 7
348 2 522 55 18 78
349 25 2 63
350
351 2
352 251
353 2 1955
354 2
355 2 561
356 2
357
358
359 2
360 2 402 15 911 159
361 2 98 45 372
362 75 2 251 226
363 2 0
364 64
365 357 269
366 272 2
367 2 0 581
368
369
370 7
371 2
372 2
373 2
374 2 0 1393
375 86 2
376
377 18 29 1141 991 25 61
378 2
379 2
380 2
381 2
382 2 226
383 0
384 2
385 2 530 553 82 85
386 29
387 15
388 2
389 2 451
390 2
391 2
392 2
393 275
394 49 465 512 0 2 1869
395 0
396 2 49 82
397 2 55
398 2
399 141 226
400 85
401 2
402
403
404 145 15
405 2 476 75
406 134 55 301 92 180
407 7 2
408 2 465
409 83
410 21 18
411 2
412 269
413 0 424 2
414 2
415 2
416 2
417 0 2
418
419 2
420 2 1280
421 137 376 2
422 269 25
423 372 2 25 79
424
425 2
426 141
427 55
428 273 2 257 865 868 299 70
429 2
430 2
431 7 226
432 55
433 55 1346 2
434 226 560 2 1615 687 0
435 2 1516
436 2
437 126 1523
438 269
439 14 187 2
440 2 472 269
441
442 0
443 2
444 323 64 834
445 2
446 2
447 2
448 2
449 2
450 380 2
451
452 2 42 0 886
453 71 2
454 273
455 55 2
456 15
457 341 2
458 2
459
460 2 15 0
461 2
462 43 1250 1568
463 2
464 55
465
466 15 340
467 297 49 115
468 2 1176 512
469 2
470 25
471 83 2
472
473 2
474 0 2 153 25 15
475 2
476
477 55 2 702 1298 435 1191
478 80 18 2
479 263 2
480 376 263 18
481 63 2
482
483 49 2
484 0
485 2 76
486 30 2
487 2
488 2 358
489 2 226
490 2
491 269
492 187 29 2 886 6
493 2 76
494 2 55
495 2
496 2
497 2 45 157
498 257 2
499 2
500 282 8 0 63
501 2 80
502 341 2
503 2
504 2
505 2 55
506 18 2 1153
507 7
508 55 0 69
509 0 2 376 720 189
510 0 63
511 25 226 977 1421 298 2 82
512 26 27
513 2
514 358 2 1083
515 2
516 2
517 2 476 298 0
518 87
519 2
520 2 126 275
521 2
522
523 2
524 210 2 214
525 49
526
527 2
528 13 1148
529 25 1 2 338
530 80
531 2
532 2
533 54 1531
534 55 517 2 459
535 75
536 506 2 640 70 55 0
537 86
538 1
539 2 86
540 0
541 2
542 2 0
543 63
544 2 80
545 2
546 279 1317
547 2
548 2
549 2 551
550 2 368
551
552 2 3 471 25
553 2 15 1478
554 403 2 1698
555 0
556 83
557 472 2 920 0
558 2
559
560
561 83
562 2 597
563 2
564 2
565
566 2
567 184
568 123
569 0 1608
570 2
571 2
572 2 18
573 2
574 2 189
575 2 1
576 25 2 1425 476
577 2
578 3 2
579 2 643
580 2 55
581 199
582 0 181 2
583 2
584
585 2
586 43 2
587 2 80 5
588 2
589 2 357
590 126 2
591 0 2
592 0 2 63
593 438
594 2
595 2
596 18 2
597
598 269
599 82
600 2
601 0
602 2
603 2 55
604 2
605 2 0 804 63 494
606 2 54
607 85
608 123
609 2 303
610 2 18
611 2
612 472
613 226
614 2 1545
615 597
616 2 0
617 2
618 2
619 368
620 2
621 2 338 537
622 2
623 2
624 2
625 2
626
627 2
628 2 30 10
629 2
630 2 226
631 2 43
632 2
633 2
634 2
635 2
636
637 2
638 83
639 2 1
640
641 178 341 83 1386
642 2
643 380
644 2
645 2
646 2
647 413
648 2 14
649 18
650 2 1
651 2
652 30 226 79 1671
653 2
654 2
655 181 705 55
656 7
657 2 63
658 30 987
659 2
660
661 2
662 159
663 565
664 18
665 64
666 226
667 18 2
668 2
669 2
670 257
671 2
672 15 2
673 0 126 361 1211 63 1760
674 10
675 2
676 251
677 2
678 2
679 2 798
680 14 2
681 199
682 273 76 0
683 377
684 2
685 2 323
686 18 63 1596 2
687 2
688 0
689 2 1
690
691 2 55
692 2 15 954
693 2
694 2 30
695 2 1183
696 42
697 30 2
698 55
699 2
700 2
701 70
702
703
704 64 886
705
706 2 1000
707 2
708 43
709 2
710 2
711 2 368
712 2
713 25
714 2
715 2
716 2
717 369 269 3 424
718 2
719 247
720 2
721 80
722 226 2
723
724 2
725 273
726 2 1279 163 269
727 2 1171
728 126
729 70
730 2
731 49 2
732 2
733 2
734 43
735 226
736 25
737 703
738 2 85
739 655 367
740
741
742 89
743 2
744 2
745 92 2
746 49 0
747 5
748 2
749 2
750 0 2 114 18 515
751 2
752 79
753 2
754 1
755
756 18
757 18
758 2 63
759 76
760 2 229 80
761 145 2 45
762 2
763 3
764 43
765 2
766 2
767 160
768 2
769 2
770 512 923
771 376 764 2 226 866
772 2
773 120
774
775 2
776 2 126 0
777 2
778 18
779 15
780
781 251 817
782 2
783 45 5
784 157 459
785 2 1338
786 141
787 18
788 2
789 15 2 0
790 64
791 18
792 2
793 339 70 184 43
794 2
795 2
796 2
797 2
798 15 2 76
799 2 56 163 247
800 145
801 13
802 2 369
803 2
804
805 30 124
806 70 940 446 2
807 2
808 2
809 323
810 141
811 123 818 2 0 13 18
812 664 30 2
813 0 15
814 2 247
815 2
816 6 83
817 45
818
819 2
820 187
821 2 1
822 2
823 735
824 55 290
825 63
826 45
827 2
828 2
829 199
830 18 2
831 70 476
832 18 1085 2
833 184 18 0 2
834 2
835 2
836
837 2
838 2
839 2
840 735
841 2 720
842 137 1244
843 25 954
844 124 75
845 2
846 481
847 2
848 2 1345
849 2 55 163
850 2
851 2
852 25 2 0
853 2
854 2 954
855 76
856 2
857 226 2 1160
858 339
859 2
860 2 63
861 2
862 2
863 368 105
864 2
865
866 2
867 2
868
869 43
870 0 63 55
871 2 14
872 2
873 2 25
874 18 2 7 0 145
875 15
876 476
877 0 2
878 2
879 2 229 42
880 2 1230 1304
881 2
882 226
883 2
884
885 2
886
887 55 2
888 2 54 63
889 2
890 70 315 1728
891 79
892 471 403 2
893 297 2 755 5
894 2 63
895 159
896 764 2
897 30 2
898 263
899 2 10
900 2
901 269 1443
902 2
903 2
904
905 2
906 550 261 2
907
908
909 2 1491
910 2
911 70
912
913 509
914 30
915 2
916 2
917 226
918
919 162
920
921 2 798
922 49
923 64
924 2
925 307
926 18
927 2
928 126
929 30 2
930 476 273 76
931 2 994
932 2
933 2
934 2
935 15
936 25
937 2
938 2
939 126 18 2 55
940
941 13
942 2
943 2 18
944 2
945 7 49
946
947 2
948 0 49
949
950 2 597
951
952 2 0
953 2
954
955 0 2
956 2
957 2
958 2
959 2
960 0
961 2 80
962 269 49
963 2 70
964 631
965 2
966 2
967 2
968 18
969 512 2
970 2
971 63 2
972 21
973 14 2
974 257 2
975 15
976 2
977
978
979 664
980 214
981 2
982 698
983 25
984 2
985 2
986 2
987
988 79
989 341
990 2
991 2
992 227
993 2
994
995 2
996 2
997 2
998 2
999 2
1000
1001 2
1002 2
1003 2
1004 2
1005 2
1006 2
1007 15
1008 2
1009 476
1010 226 64 2
1011 307
1012 2 15
1013 70
1014 26
1015 63 2
1016 75 15 2
1017 2
1018 2
1019 55 2
1020 263
1021 43 2
1022 2
1023 137
1024 2 1356 148
1025
1026 2 55 0
1027 2
1028
1029 2 15
1030 15
1031 2
1032 2
1033 403
1034 538 0 1393 1834 2
1035 2
1036
1037 2
1038 2
1039 2
1040 2
1041 2
1042 18 1287
1043
1044 137
1045 279 32
1046 0 1917
1047 481 2
1048 830 2
1049 247
1050 273 1445
1051 2
1052 18
1053 45
1054 18 2 560 367
1055 2
1056 2
1057 269
1058 2
1059
1060 45
1061 491
1062
1063 1
1064 2 465 1
1065 2
1066 2
1067 2 76
1068 63
1069 2
1070 87 526
1071 2
1072 2
1073 2
1074 55
1075 126
1076 2
1077 2 1631
1078 2
1079 92
1080 2
1081 49
1082 2 29
1083 2
1084 2
1085
1086 82
1087 2
1088 18
1089 55
1090 0 954
1091 2
1092 2 1256
1093 2 1954
1094
1095 2
1096 2
1097 2
1098 50
1099 2
1100 2
1101 79
1102 54
1103 47
1104 83
1105 2 83
1106 2
1107 2
1108 0
1109 2
1110 298
1111 2
1112 2
1113
1114 80 18
1115 2
1116 0 2 15
1117 2 159 1328
1118 6
1119 2
1120 2
1121 491
1122
1123
1124 954 2 126
1125 86 1248
1126 2
1127
1128 2
1129 83
1130 2
1131 2 55 80
1132 2
1133 2
1134 0
1135 2
1136 476
1137 297
1138 219 2
1139 2
1140 2
1141
1142 2
1143 258 2
1144 126
1145
1146 0
1147 702 1541
1148
1149 2
1150 226
1151 2
1152 687
1153
1154 2
1155 2
1156 76
1157 2
1158 2
1159 2 1491
1160
1161 45 2
1162 18
1163 2
1164 2
1165 2
1166
1167 2
1168 2
1169 0
1170
1171
1172 2 0
1173 2
1174 1 2
1175 0 1871
1176
1177
1178 25
1179
1180
1181 920
1182 2
1183
1184 2 13
1185 2
1186 2
1187 2
1188 2
1189
1190 2
1191
1192
1193 126
1194 2
1195 2
1196 2
1197 18
1198 907
1199 2
1200 2
1201 2
1202 254 2
1203 2
1204 2
1205 226
1206 2
1207 165
1208 0
1209 5
1210
1211 257
1212 70
1213 5
1214 2
1215 2
1216 737
1217 2
1218 472
1219 63
1220 2
1221 2 1096
1222 2
1223 2 512
1224 884
1225 54 2 0
1226 171
1227 703 18
1228 2
1229 2 87
1230
1231 2 0
1232 30 2
1233 2
1234 550
1235 2
1236 2 1113
1237
1238 145
1239 2 577
1240 55 2
1241 438
1242 2
1243 30 18
1244
1245 920
1246 836 1442 2
1247 2
1248
1249 2
1250
1251 2
1252 55
1253 15 660
1254 2
1255 506
1256
1257 1127 1608
1258 745
1259 76
1260
1261 18
1262 141
1263
1264 2
1265 2
1266 2
1267 85
1268 2 1421
1269 2 0
1270 2
1271 1
1272 476 269
1273 660
1274 2
1275 1263 2
1276 49
1277 276
1278 2
1279
1280
1281 2
1282 2
1283 1 0
1284 1176
1285 0 5
1286 18
1287
1288 2
1289 0
1290 80
1291 1192
1292 7
1293 923 1671 2
1294 2
1295
1296
1297 2
1298
1299 630
1300 2 18
1301 640
1302 369
1303 54
1304
1305 15
1306 2
1307 1256
1308 2
1309 2
1310 2
1311 80
1312 2
1313 2
1314 907
1315 229
1316 18
1317
1318 2
1319 1304
1320 377
1321 18 75
1322
1323 226
1324
1325 2
1326 2
1327 2
1328 55
1329
1330 18
1331 687 2
1332 2
1333 368
1334 29
1335
1336 18
1337 2
1338
1339 78
1340
1341 350
1342 298
1343 487
1344 15
1345
1346
1347 30
1348 2
1349 141
1350 30
1351 2
1352 2 1851
1353
1354 698
1355 0
1356
1357 73 1406 1691
1358 804 275
1359 2 78
1360 482
1361 2
1362 2
1363 304
1364 18
1365 2
1366 25
1367 18
1368 2
1369 63
1370 49
1371 0
1372 79 2
1373
1374 80 2 1642
1375 1296
1376 2
1377 2
1378 2
1379 2
1380 2
1381 2
1382 15 2
1383
1384 226
1385 2
1386
1387 2
1388 487 2 55
1389
1390 18
1391 525
1392 247
1393
1394 2
1395 372
1396 2
1397 918
1398
1399 2
1400 2
1401 70
1402 2
1403 85 2
1404 159
1405 2
1406
1407 80
1408 87
1409 2
1410 636
1411 49
1412 2 168
1413 2
1414 798
1415 171 2
1416 287
1417 361
1418 1
1419 2
1420 2
1421
1422 2
1423 2
1424 187
1425
1426
1427
1428 2
1429 2
1430 82
1431 2
1432 2
1433 403
1434 2
1435
1436 2
1437 978 153
1438 304
1439 2
1440 18
1441 2
1442
1443
1444 597
1445 2
1446 2
1447 2
1448 2
1449 181 271
1450 1217
1451 530
1452 2
1453 2
1454 2
1455 83
1456 80 1468
1457
1458 2
1459 2
1460 0
1461
1462 2
1463 2
1464 15
1465
1466 45
1467 2 70
1468
1469 2
1470 263
1471 126 1824
1472 226
1473 2
1474
1475 723
1476 0 1127 2
1477 2
1478
1479 2
1480 2
1481 649 279
1482 2
1483 876
1484 2
1485 2 70 1329
1486 1145
1487 15
1488 1129
1489 2
1490 2
1491
1492 2
1493 79
1494 2
1495 2
1496 2
1497 45 80
1498 1138
1499 2
1500 13 2
1501 49
1502 2
1503 2
1504 76
1505 0
1506 55
1507 2
1508 64 2
1509 2
1510 2
1511 0
1512 70
1513 281
1514 2
1515 25
1516
1517 77
1518 1324
1519 0
1520 2
1521 2
1522 687
1523
1524 2
1525 2
1526 0 2
1527 7
1528 643
1529 2 55
1530 376
1531
1532 2
1533 709
1534 2
1535 2
1536 3
1537 2
1538 0
1539 18
1540 2
1541
1542 2
1543 0
1544 49
1545
1546 49
1547 1304
1548 1160
1549 1076
1550 18
1551 2
1552 472
1553 249
1554 76
1555 18
1556 0
1557 2
1558 2
1559 15
1560 358
1561 636
1562 2
1563 2
1564 70
1565 2
1566 2
1567 1177
1568
1569 481
1570 80
1571 2
1572 1248
1573 83
1574 2
1575 2
1576 75
1577 0 2
1578 2
1579 2
1580 2
1581 29
1582 229
1583 2
1584 764
1585 76
1586 2 1715
1587 0
1588 271
1589 64 2
1590 2
1591 369
1592 2
1593 2
1594 2 163
1595 15
1596
1597 2
1598 2
1599 63
1600 2
1601 806
1602 239
1603 2
1604 2 55
1605 2
1606 2
1607
1608
1609 226
1610 55
1611 2
1612 2 0
1613 2
1614 2
1615
1616 2
1617 2
1618 7
1619 157
1620 530
1621 59
1622 0
1623 1338
1624 2
1625 1328
1626 2 63
1627 2
1628 0
1629 2
1630 82
1631
1632 2
1633
1634 163
1635
1636 2
1637 2
1638 1381
1639 2
1640 1237
1641 465
1642
1643 1296
1644 2
1645 2 78 1191
1646 2
1647 2
1648 2
1649 2
1650 424
1651 2
1652 29
1653 2
1654 79
1655 23
1656 2
1657 159
1658 2
1659 2
1660 269
1661
1662 187
1663 187
1664 163
1665 723
1666 687 2
1667 2 123
1668 1096
1669 2
1670 2
1671
1672 13
1673 2
1674 269
1675 2
1676
1677 226
1678 2
1679 2
1680 2
1681 1355
1682 2
1683
1684 63
1685 2
1686 15
1687 2
1688 1127
1689 806
1690 1426
1691
1692 79
1693
1694 126 2
1695 273
1696 45
1697 2
1698
1699
1700 1550 2
1701 268
1702 561
1703 2
1704 2
1705 2
1706 2
1707 999
1708 257
1709 184
1710 2
1711 2
1712 2
1713 5
1714 2
1715
1716 949
1717 2
1718 2
1719 277
1720 2
1721 2
1722 862
1723 171
1724 2
1725
1726 139 14
1727 1127
1728
1729 767
1730 1684
1731 2
1732 2
1733 2
1734 75
1735
1736 0
1737
1738 70 2
1739 2 1909
1740 63
1741 2
1742 18
1743 15
1744 1324
1745 2
1746 2
1747 117
1748 2
1749 2
1750 15
1751 2
1752 2
1753 43
1754 80
1755 2
1756 49 1160
1757 2
1758
1759 5
1760
1761 907
1762 728
1763 2
1764 2
1765 339
1766 2
1767 80
1768 29
1769 3 1847
1770 1324
1771 2
1772 713
1773 115
1774 2
1775 26
1776 79
1777 304
1778 2
1779 63
1780 2
1781 2
1782 2
1783 1615
1784 987
1785 149
1786 2
1787 2
1788 187
1789 2
1790 43
1791 2
1792 2
1793 406
1794 1016
1795 160
1796 1304
1797 1437
1798 2
1799 2
1800 341
1801 226
1802 18
1803 2
1804 1627
1805 2
1806 424
1807 602
1808 2
1809
1810 70
1811 251
1812 15
1813 2
1814 2
1815 161
1816 472
1817 14
1818 2
1819 2
1820 187
1821 1104
1822
1823
1824
1825
1826 0
1827 270
1828 2
1829 2
1830 2
1831 2
1832 2
1833 2
1834
1835 2
1836 565
1837 80
1838 1645
1839 56
1840 2
1841 87
1842 597
1843
1844 282
1845 0
1846 247
1847
1848 2
1849 18
1850 2
1851
1852 526
1853
1854 79
1855 512
1856 340
1857 2
1858 2
1859 2
1860 1274 2
1861 1633
1862 0
1863
1864 2
1865
1866 459
1867 75
1868 0
1869
1870 18
1871
1872 29
1873 2
1874 2 369
1875 80
1876 2
1877 0
1878 2
1879 2
1880 2
1881 18
1882 1324
1883 2
1884 55
1885 0
1886 79
1887 2
1888 723
1889 26
1890 2
1891 56
1892 86
1893 70
1894 2
1895 2
1896 463
1897 145
1898 1145
1899 269
1900
1901 2
1902 329
1903 2
1904 526
1905 0
1906 226
1907 0
1908 55
1909
1910 55
1911 2
1912 1901
1913 2
1914 0
1915 2
1916 2
1917 2
1918 2
1919 2
1920 2
1921 278
1922 2
1923 122
1924 63
1925 186
1926 18
1927 73
1928
1929 2
1930 2
1931 2
1932 451
1933 2
1934 2
1935 723
1936 182
1937 0
1938 2
1939 2
1940 2
1941 76
1942 668
1943 927
1944
1945 2
1946 2
1947 2
1948 2
1949 2
1950 115
1951 43
1952 2
1953 2
1954 70
1955
1956 2
1957
1958 18
1959 2
1960 79
1961 2
1962 49
1963 2
1964 2
1965 1755
1966 83
1967 2
1968 2
1969 2
1970 105
1971 258
1972 1
1973 1238
1974 377
1975 1465
1976 780
1977
1978 2
1979 2
1980 29
1981 2
1982 1707
1983 2
1984 2
1985 2
1986 698
1987 162
1988 2
1989 126
1990 2
1991 2
1992 76
1993 2
1994
1995 2
1996 2
1997 2
1998 1699
1999 597
