376508.000000 440529.000000 456581.000000 265492.000000 175837.000000
367269.000000 481696.000000 405738.000000 324359.000000 178174.000000
365964.000000 451724.000000 419444.000000 279039.000000 179864.000000
369182.000000 456940.000000 421072.000000 276642.000000 183420.000000
366817.000000 451829.000000 418341.000000 277404.000000 184150.000000
368004.000000 452403.000000 419956.000000 284960.000000 255563.000000
366241.000000 455067.000000 418267.000000 277440.000000 181433.000000
364421.000000 448584.000000 389474.000000 254855.000000 169496.000000
366941.000000 447196.000000 394219.000000 257125.000000 169584.000000
363004.000000 446218.000000 399456.000000 258746.000000 173272.000000
389855.000000 455419.000000 390602.000000 238292.000000 159812.000000
378888.000000 453492.000000 425011.000000 280618.000000 179785.000000
368854.000000 451469.000000 416657.000000 277518.000000 242020.000000
363714.000000 447884.000000 406855.000000 269447.000000 179293.000000
364456.000000 451260.000000 400621.000000 260191.000000 174017.000000
365146.000000 446636.000000 417601.000000 277652.000000 178887.000000
365585.000000 445659.000000 391988.000000 260346.000000 172696.000000
367016.000000 451019.000000 412931.000000 271595.000000 178505.000000
366590.000000 451931.000000 414072.000000 273631.000000 181552.000000
378060.000000 456306.000000 417598.000000 272667.000000 180109.000000
416917.000000 467790.000000 427703.000000 283421.000000 181144.000000
359873.000000 453126.000000 385539.000000 247371.000000 169865.000000
363557.000000 450713.000000 405189.000000 265906.000000 176201.000000
367848.000000 455963.000000 418034.000000 352634.000000 178841.000000
362668.000000 450577.000000 394437.000000 255238.000000 171656.000000
363718.000000 450959.000000 414924.000000 276945.000000 182385.000000
366519.000000 478548.000000 409064.000000 270914.000000 176696.000000
368158.000000 449379.000000 419405.000000 279056.000000 181430.000000
361697.000000 458676.000000 377221.000000 242428.000000 165451.000000
363032.000000 451040.000000 399931.000000 260726.000000 173733.000000
363047.000000 446016.000000 406729.000000 264186.000000 176673.000000
369416.000000 456024.000000 417728.000000 277469.000000 183385.000000
363939.000000 456619.000000 395476.000000 262411.000000 172224.000000
367376.000000 457125.000000 410872.000000 272734.000000 181565.000000
363589.000000 445924.000000 414848.000000 273756.000000 178143.000000
365308.000000 457396.000000 418673.000000 277945.000000 179425.000000
365248.000000 449915.000000 409958.000000 268861.000000 176792.000000
363216.000000 454515.000000 405843.000000 269131.000000 176400.000000
367266.000000 457227.000000 417615.000000 276440.000000 181355.000000
365021.000000 452947.000000 423403.000000 283406.000000 180013.000000
366615.000000 452839.000000 412287.000000 271409.000000 178754.000000
368380.000000 456259.000000 403304.000000 265972.000000 176401.000000
366126.000000 448810.000000 421235.000000 278562.000000 181718.000000
367125.000000 459916.000000 414410.000000 281013.000000 178151.000000
362394.000000 454261.000000 386910.000000 250144.000000 168111.000000
362524.000000 453793.000000 388486.000000 253330.000000 170481.000000
369157.000000 456351.000000 409684.000000 271705.000000 177245.000000
368474.000000 457260.000000 397337.000000 259263.000000 171099.000000
362060.000000 452415.000000 386512.000000 250473.000000 165253.000000
364386.000000 486140.000000 393357.000000 399508.000000 169279.000000
