1898026.000000 2139920.000000 1665590.000000 754566.000000 231766.000000
1931179.000000 2004534.000000 2193302.000000 1059602.000000 498955.000000
1901546.000000 2135503.000000 1742449.000000 777980.000000 236450.000000
1936845.000000 2040178.000000 1860440.000000 854655.000000 265368.000000
1945865.000000 2099063.000000 1973743.000000 923299.000000 302341.000000
1882376.000000 2106022.000000 1845662.000000 844775.000000 276640.000000
1948986.000000 2018707.000000 1989332.000000 928155.000000 375634.000000
1866034.000000 2010393.000000 1880839.000000 846612.000000 292400.000000
1881279.000000 2053337.000000 1751213.000000 813465.000000 248527.000000
1935894.000000 2018718.000000 2136520.000000 1099494.000000 439336.000000
1932436.000000 2135330.000000 1852296.000000 818650.000000 289096.000000
1916979.000000 2087884.000000 1702236.000000 761276.000000 226646.000000
1921170.000000 2032639.000000 1837423.000000 830266.000000 267695.000000
1915989.000000 2091165.000000 1873854.000000 821381.000000 266114.000000
1940141.000000 2099458.000000 1878174.000000 869302.000000 287615.000000
1897438.000000 2099625.000000 1772264.000000 795935.000000 239750.000000
1898589.000000 2057245.000000 1778559.000000 817856.000000 237728.000000
1918918.000000 2063252.000000 1701217.000000 775692.000000 218427.000000
1976932.000000 2131792.000000 1830585.000000 865707.000000 257299.000000
1893004.000000 2020967.000000 2020531.000000 927781.000000 377659.000000
1910135.000000 2102304.000000 1819421.000000 810100.000000 257927.000000
1894804.000000 2055845.000000 1965670.000000 872896.000000 296520.000000
1933373.000000 2056784.000000 2084488.000000 994898.000000 426298.000000
1942430.000000 2028632.000000 1871026.000000 861557.000000 288686.000000
1942603.000000 2117697.000000 1796162.000000 794882.000000 242722.000000
1933020.000000 2140726.000000 1700857.000000 799456.000000 226487.000000
1919050.000000 2042897.000000 1857934.000000 829566.000000 268355.000000
1901175.000000 2091314.000000 1807156.000000 815218.000000 258518.000000
1920200.000000 2166316.000000 1807535.000000 828509.000000 250649.000000
1937387.000000 2063271.000000 1734254.000000 776116.000000 229667.000000
1925515.000000 2034368.000000 1915200.000000 944248.000000 306460.000000
1870670.000000 2016358.000000 1597480.000000 731136.000000 207002.000000
1878578.000000 2011644.000000 1796327.000000 824743.000000 262662.000000
1911150.000000 2048003.000000 1785240.000000 794299.000000 253992.000000
1940233.000000 2091943.000000 1802668.000000 816815.000000 279566.000000
1904432.000000 2132298.000000 1793649.000000 807283.000000 251056.000000
1927906.000000 2147991.000000 1819072.000000 824940.000000 252037.000000
1889735.000000 2075169.000000 1849122.000000 842088.000000 257303.000000
1935625.000000 2082128.000000 1933230.000000 860004.000000 287270.000000
1872346.000000 2035670.000000 1822835.000000 895717.000000 264249.000000
1917284.000000 2026253.000000 2019240.000000 946985.000000 346354.000000
1948408.000000 1983113.000000 1909137.000000 858746.000000 289817.000000
1928457.000000 2108002.000000 1736317.000000 838540.000000 284781.000000
1905204.000000 2145869.000000 1710385.000000 775570.000000 224612.000000
1917719.000000 1990155.000000 1884968.000000 835132.000000 271714.000000
1910754.000000 1995506.000000 1954553.000000 888859.000000 321510.000000
1898292.000000 2133909.000000 1832815.000000 808248.000000 265887.000000
1893640.000000 2109676.000000 1800507.000000 811826.000000 257304.000000
1944281.000000 2103985.000000 1761783.000000 795974.000000 247150.000000
1902130.000000 2118266.000000 1788026.000000 836165.000000 264269.000000
