1873706.000000 2460616.000000 1651628.000000 885839.000000 281036.000000
1923849.000000 2342463.000000 2116634.000000 1232810.000000 582637.000000
1878660.000000 2449654.000000 1695513.000000 916537.000000 311109.000000
1946500.000000 2450106.000000 1826385.000000 992043.000000 337751.000000
1925045.000000 2457919.000000 1952507.000000 1093459.000000 396322.000000
1879487.000000 2432426.000000 1771499.000000 957425.000000 324222.000000
1981568.000000 2444257.000000 1989100.000000 1082038.000000 452923.000000
1874733.000000 2398433.000000 1838251.000000 1007414.000000 354130.000000
1924817.000000 2415230.000000 1704125.000000 918714.000000 298102.000000
1980482.000000 2326385.000000 2088357.000000 1227352.000000 523607.000000
1881838.000000 2429778.000000 1795918.000000 993986.000000 328060.000000
1957851.000000 2469473.000000 1696991.000000 901071.000000 274337.000000
1896138.000000 2372945.000000 1838964.000000 974958.000000 337059.000000
1902239.000000 2403387.000000 1801496.000000 975296.000000 330716.000000
1942340.000000 2439321.000000 1865518.000000 1012602.000000 353239.000000
1874983.000000 2400600.000000 1697977.000000 913547.000000 315582.000000
1955754.000000 2368675.000000 1761415.000000 923085.000000 296601.000000
1917464.000000 2483276.000000 1675975.000000 905599.000000 277375.000000
1956763.000000 2449490.000000 1802321.000000 990316.000000 308217.000000
1936500.000000 2322904.000000 1949310.000000 1072924.000000 451777.000000
1938487.000000 2476931.000000 1770926.000000 971299.000000 338956.000000
1935882.000000 2387654.000000 1919430.000000 1034145.000000 372564.000000
1906670.000000 2392353.000000 2049418.000000 1148276.000000 527563.000000
1930640.000000 2422242.000000 1856998.000000 1023120.000000 373059.000000
1890222.000000 2448413.000000 1718571.000000 926855.000000 303101.000000
1975332.000000 2503296.000000 1700208.000000 912639.000000 283007.000000
1905432.000000 2374137.000000 1818306.000000 1000334.000000 350925.000000
1877551.000000 2440238.000000 1761984.000000 954171.000000 334423.000000
1898717.000000 2443861.000000 1735774.000000 939264.000000 301330.000000
1935630.000000 2420322.000000 1693672.000000 910216.000000 304153.000000
1925898.000000 2352029.000000 1895450.000000 1062784.000000 397996.000000
1846527.000000 2333862.000000 1583418.000000 876292.000000 254656.000000
1859958.000000 2357913.000000 1751555.000000 945268.000000 313898.000000
1949637.000000 2459637.000000 1747738.000000 945741.000000 304606.000000
1953328.000000 2459049.000000 1763743.000000 948605.000000 307999.000000
1888843.000000 2456498.000000 1751284.000000 967728.000000 326140.000000
1906760.000000 2427957.000000 1771683.000000 979791.000000 315086.000000
1886525.000000 2399370.000000 1774303.000000 966376.000000 318976.000000
1918444.000000 2394528.000000 1892765.000000 1044855.000000 394209.000000
1900473.000000 2441287.000000 1820677.000000 980367.000000 320958.000000
1961253.000000 2410904.000000 1945228.000000 1088974.000000 416296.000000
1917467.000000 2320844.000000 1862734.000000 1015655.000000 363722.000000
1892018.000000 2479793.000000 1725695.000000 934334.000000 307183.000000
1871824.000000 2465364.000000 1670799.000000 918791.000000 301283.000000
1904946.000000 2335008.000000 1830837.000000 1005846.000000 359005.000000
1952554.000000 2374681.000000 1908109.000000 1052773.000000 393078.000000
1896213.000000 2457025.000000 1756104.000000 954232.000000 317826.000000
1932911.000000 2498931.000000 1760545.000000 977680.000000 333993.000000
1946312.000000 2487219.000000 1770436.000000 968557.000000 315334.000000
1910193.000000 2417541.000000 1756749.000000 948878.000000 332322.000000
