363517.000000 339946.000000 410464.000000 136074.000000 96192.000000
365440.000000 345700.000000 406618.000000 138332.000000 91885.000000
368961.000000 340419.000000 421141.000000 147077.000000 94255.000000
366980.000000 334583.000000 419472.000000 141330.000000 96767.000000
364725.000000 334550.000000 419018.000000 140403.000000 97045.000000
367906.000000 354159.000000 420311.000000 145682.000000 101133.000000
364955.000000 344132.000000 416899.000000 141445.000000 93845.000000
363924.000000 333107.000000 391774.000000 130322.000000 90434.000000
366383.000000 348156.000000 392897.000000 130032.000000 89037.000000
360156.000000 344988.000000 398514.000000 133154.000000 98762.000000
363159.000000 353630.000000 370580.000000 123787.000000 88968.000000
365028.000000 348280.000000 416602.000000 145662.000000 94019.000000
367752.000000 349367.000000 417067.000000 142215.000000 94490.000000
364960.000000 343622.000000 406627.000000 137494.000000 95262.000000
363009.000000 337444.000000 401003.000000 131816.000000 98772.000000
365773.000000 347715.000000 415249.000000 144760.000000 92927.000000
360946.000000 348365.000000 392726.000000 131037.000000 93528.000000
366037.000000 364296.000000 414950.000000 142519.000000 93379.000000
365212.000000 359972.000000 415651.000000 142478.000000 92478.000000
365310.000000 346789.000000 411579.000000 137508.000000 88800.000000
366520.000000 335551.000000 418784.000000 141170.000000 96328.000000
362981.000000 360190.000000 384542.000000 124036.000000 94744.000000
366009.000000 351675.000000 406108.000000 136395.000000 91883.000000
365955.000000 348996.000000 417556.000000 139499.000000 94394.000000
363044.000000 343981.000000 395418.000000 132221.000000 89347.000000
365843.000000 347387.000000 415034.000000 141739.000000 96189.000000
363781.000000 340699.000000 408252.000000 135211.000000 97853.000000
367921.000000 341291.000000 419218.000000 142942.000000 93367.000000
362745.000000 373195.000000 377517.000000 127442.000000 91000.000000
364704.000000 348362.000000 404439.000000 131962.000000 93604.000000
367125.000000 356961.000000 406130.000000 133893.000000 93276.000000
366915.000000 331346.000000 418479.000000 149802.000000 94059.000000
362873.000000 366351.000000 394644.000000 144885.000000 90048.000000
366548.000000 346308.000000 412671.000000 143534.000000 95781.000000
363890.000000 331192.000000 413956.000000 138555.000000 94744.000000
366230.000000 357958.000000 416009.000000 143206.000000 93198.000000
365588.000000 343252.000000 410449.000000 139996.000000 91001.000000
363859.000000 350154.000000 406195.000000 138197.000000 97110.000000
367272.000000 350981.000000 417039.000000 144673.000000 94329.000000
363236.000000 353206.000000 421185.000000 145273.000000 93484.000000
365439.000000 347737.000000 410337.000000 136984.000000 97464.000000
366411.000000 357483.000000 403463.000000 144975.000000 94260.000000
366426.000000 333280.000000 420240.000000 141919.000000 93528.000000
369284.000000 348581.000000 415907.000000 141765.000000 93749.000000
361042.000000 356986.000000 387379.000000 128995.000000 89943.000000
363534.000000 346428.000000 391132.000000 127768.000000 89156.000000
364897.000000 344235.000000 407989.000000 141877.000000 94220.000000
366773.000000 361099.000000 395862.000000 136079.000000 88320.000000
364423.000000 348549.000000 385945.000000 125109.000000 88035.000000
367992.000000 357040.000000 392342.000000 135299.000000 90427.000000
