1274794.000000 1494503.000000 1320378.000000 938157.000000 503945.000000
1341721.000000 1499503.000000 1315180.000000 912881.000000 497291.000000
1334029.000000 1614046.000000 1407212.000000 998871.000000 566283.000000
1324266.000000 1536093.000000 1387198.000000 981640.000000 540353.000000
1330177.000000 1556956.000000 1328910.000000 915468.000000 498016.000000
1323435.000000 1555724.000000 1394732.000000 982878.000000 546490.000000
1324369.000000 1591680.000000 1417726.000000 995097.000000 570794.000000
1324219.000000 1562203.000000 1527480.000000 1159803.000000 707083.000000
1340867.000000 1519245.000000 1362394.000000 952400.000000 538576.000000
1321848.000000 1556909.000000 1425734.000000 1057189.000000 581700.000000
1327458.000000 1552848.000000 1398478.000000 978760.000000 549558.000000
1328696.000000 1572431.000000 1428784.000000 1188873.000000 588579.000000
1338636.000000 1552306.000000 1433155.000000 1006636.000000 588183.000000
1340146.000000 1553211.000000 1440358.000000 1024066.000000 577568.000000
1326286.000000 1563130.000000 1403413.000000 976280.000000 552154.000000
1325547.000000 1547622.000000 1554708.000000 1112997.000000 743509.000000
1334797.000000 1557476.000000 1350697.000000 927525.000000 507771.000000
1363191.000000 1628648.000000 1414841.000000 1005049.000000 570351.000000
1331255.000000 1562054.000000 1403613.000000 1123756.000000 602394.000000
1328212.000000 1549144.000000 1429762.000000 983591.000000 567490.000000
1325675.000000 1565254.000000 1412648.000000 988939.000000 558105.000000
1332014.000000 1574533.000000 1398420.000000 1031000.000000 554219.000000
1326678.000000 1567643.000000 1373226.000000 946184.000000 521444.000000
1291394.000000 1509964.000000 1448333.000000 1049441.000000 631452.000000
1341473.000000 1599610.000000 1443560.000000 1025147.000000 582734.000000
1344688.000000 1575442.000000 1390951.000000 970530.000000 534892.000000
1332384.000000 1554910.000000 1467572.000000 1061413.000000 650666.000000
1330316.000000 1550282.000000 1401947.000000 988020.000000 553698.000000
1337073.000000 1566599.000000 1459933.000000 1037514.000000 664083.000000
1324513.000000 1567502.000000 1418474.000000 1005729.000000 571177.000000
1332138.000000 1545694.000000 1525895.000000 1095238.000000 695129.000000
1330116.000000 1568436.000000 1362802.000000 942049.000000 522175.000000
1325649.000000 1565043.000000 1346294.000000 952932.000000 535869.000000
1301061.000000 1520976.000000 1416535.000000 1020141.000000 593937.000000
1323559.000000 1566239.000000 1410183.000000 987806.000000 563952.000000
1323681.000000 1543889.000000 1429471.000000 987101.000000 566626.000000
1347032.000000 1623377.000000 1375545.000000 966983.000000 537213.000000
1338391.000000 1550077.000000 1549763.000000 1117133.000000 705271.000000
1330858.000000 1556971.000000 1321046.000000 1007576.000000 498564.000000
1330263.000000 1547962.000000 1389457.000000 973330.000000 544418.000000
1326429.000000 1601643.000000 1447001.000000 1022512.000000 603597.000000
1336586.000000 1561760.000000 1421341.000000 999428.000000 574734.000000
1331712.000000 1551306.000000 1378002.000000 947238.000000 530935.000000
1326246.000000 1517858.000000 1347472.000000 935161.000000 521501.000000
1327107.000000 1559922.000000 1454819.000000 1043725.000000 610247.000000
1333717.000000 1547920.000000 1440243.000000 1022201.000000 579038.000000
1357091.000000 1543885.000000 1383855.000000 976372.000000 555755.000000
1325800.000000 1546016.000000 1424566.000000 1001021.000000 573102.000000
1333797.000000 1573831.000000 1405029.000000 987796.000000 560822.000000
1328216.000000 1585714.000000 1336130.000000 912932.000000 498729.000000
