362980.000000 307638.000000 409300.000000 122442.000000 91130.000000
365809.000000 335167.000000 406517.000000 124480.000000 92424.000000
369829.000000 332185.000000 419827.000000 134614.000000 88440.000000
367395.000000 327842.000000 418923.000000 129170.000000 91366.000000
364834.000000 322972.000000 418232.000000 128535.000000 93310.000000
367634.000000 336027.000000 421138.000000 131990.000000 93429.000000
365119.000000 331501.000000 417296.000000 128280.000000 87920.000000
364566.000000 325092.000000 391094.000000 117566.000000 87307.000000
364918.000000 345343.000000 392227.000000 118513.000000 83526.000000
361186.000000 335261.000000 399243.000000 119707.000000 90089.000000
363884.000000 344926.000000 368723.000000 113978.000000 83647.000000
365219.000000 337061.000000 418005.000000 130698.000000 88339.000000
367092.000000 345608.000000 416844.000000 129260.000000 88351.000000
364689.000000 342770.000000 407678.000000 125714.000000 89898.000000
363524.000000 329450.000000 399235.000000 119518.000000 92282.000000
366653.000000 333334.000000 416764.000000 133801.000000 87764.000000
361570.000000 339056.000000 392588.000000 118731.000000 91841.000000
366740.000000 330371.000000 414882.000000 128629.000000 88277.000000
364021.000000 337882.000000 414231.000000 132396.000000 87817.000000
364506.000000 343874.000000 411334.000000 124894.000000 85023.000000
367080.000000 317295.000000 417899.000000 127641.000000 93960.000000
362852.000000 346402.000000 384934.000000 112063.000000 91301.000000
366614.000000 339573.000000 404225.000000 126307.000000 85883.000000
366193.000000 321189.000000 416963.000000 127574.000000 89138.000000
361863.000000 343206.000000 394106.000000 117638.000000 85494.000000
365425.000000 332982.000000 415785.000000 128171.000000 93444.000000
363318.000000 331930.000000 408870.000000 123775.000000 90679.000000
368049.000000 332844.000000 419805.000000 128867.000000 87596.000000
362615.000000 355660.000000 377241.000000 113146.000000 83456.000000
365048.000000 333653.000000 402037.000000 120705.000000 89624.000000
367704.000000 327081.000000 405701.000000 120756.000000 86098.000000
367672.000000 341914.000000 417242.000000 130858.000000 89266.000000
362999.000000 349116.000000 396417.000000 123722.000000 85760.000000
367770.000000 345431.000000 411386.000000 131011.000000 90058.000000
361581.000000 333801.000000 413755.000000 127078.000000 86810.000000
366330.000000 357127.000000 415864.000000 131905.000000 87453.000000
365254.000000 332942.000000 410050.000000 129101.000000 85583.000000
363345.000000 326999.000000 405919.000000 124798.000000 87798.000000
367409.000000 348875.000000 416134.000000 132154.000000 88234.000000
363015.000000 342191.000000 421957.000000 130459.000000 87781.000000
365540.000000 323904.000000 411095.000000 124154.000000 90791.000000
366841.000000 356899.000000 403545.000000 130841.000000 88616.000000
365889.000000 322534.000000 419276.000000 129174.000000 90037.000000
369422.000000 327643.000000 415684.000000 127046.000000 89152.000000
361785.000000 347424.000000 387676.000000 118223.000000 84447.000000
362947.000000 325599.000000 389467.000000 114876.000000 83326.000000
365208.000000 338590.000000 409446.000000 140036.000000 88881.000000
366829.000000 340770.000000 397234.000000 124163.000000 84303.000000
365279.000000 354539.000000 386259.000000 114235.000000 84039.000000
365055.000000 337719.000000 393157.000000 121731.000000 83399.000000
