1863624.000000 2980574.000000 1604792.000000 1849905.000000 675232.000000
1949820.000000 3119475.000000 2164875.000000 2544509.000000 1269930.000000
1924611.000000 3072333.000000 1645754.000000 1884352.000000 714839.000000
1937422.000000 3100845.000000 1810039.000000 2107964.000000 840929.000000
1894008.000000 3019837.000000 1851219.000000 2160389.000000 907322.000000
1925075.000000 3075526.000000 1793943.000000 2059100.000000 821696.000000
1947338.000000 3128231.000000 1971583.000000 2289257.000000 1053268.000000
1920122.000000 3056460.000000 1842047.000000 2115895.000000 1003022.000000
1952890.000000 3193448.000000 1733476.000000 1985075.000000 759543.000000
1946740.000000 3100586.000000 2054057.000000 2395853.000000 1154064.000000
1891754.000000 3023333.000000 1775170.000000 2062810.000000 819537.000000
1926296.000000 3079075.000000 1655148.000000 1894011.000000 691605.000000
1928866.000000 3076418.000000 1821416.000000 2122968.000000 850071.000000
1848951.000000 2985279.000000 1744416.000000 1999161.000000 816168.000000
1939000.000000 3097991.000000 1850324.000000 2154722.000000 876081.000000
1946832.000000 3108518.000000 1693415.000000 1958585.000000 724241.000000
1930239.000000 3069742.000000 1725058.000000 1916045.000000 722123.000000
1941514.000000 3098583.000000 1657889.000000 1896079.000000 693466.000000
1893049.000000 3025080.000000 1708180.000000 1966264.000000 758082.000000
1951849.000000 3110424.000000 1979692.000000 2198495.000000 1162242.000000
1891387.000000 3017583.000000 1749592.000000 2033265.000000 799491.000000
1992070.000000 3167306.000000 1962596.000000 2719447.000000 955159.000000
1940041.000000 3096193.000000 2053008.000000 2365170.000000 1149775.000000
1954567.000000 3109484.000000 1877263.000000 2185244.000000 869821.000000
1966024.000000 3122031.000000 1740478.000000 2010686.000000 763660.000000
1939320.000000 3088908.000000 1679960.000000 1918242.000000 713113.000000
1949058.000000 3109206.000000 1830234.000000 2129960.000000 859093.000000
1953524.000000 3115500.000000 1794592.000000 2069922.000000 814914.000000
1943305.000000 5302559.000000 2184969.000000 2144259.000000 775598.000000
1947641.000000 3112846.000000 1646985.000000 1899627.000000 706966.000000
1981850.000000 3153723.000000 1933062.000000 2239651.000000 956252.000000
1954912.000000 3101073.000000 1540198.000000 4013211.000000 1036247.000000
1928580.000000 3081230.000000 1699191.000000 1962265.000000 766237.000000
1924336.000000 3077591.000000 1741058.000000 1998080.000000 769024.000000
1919999.000000 3075233.000000 1736132.000000 2016956.000000 764172.000000
1953604.000000 3116514.000000 1761204.000000 2025584.000000 791416.000000
1933154.000000 3088704.000000 1762697.000000 2026500.000000 793210.000000
1988388.000000 3163702.000000 1814064.000000 2078028.000000 827157.000000
1948068.000000 3106842.000000 1885135.000000 2186334.000000 915530.000000
1945156.000000 3101814.000000 1793607.000000 2079952.000000 820793.000000
1960499.000000 3112316.000000 1975564.000000 4498825.000000 1627234.000000
1965284.000000 3134296.000000 1908550.000000 2206599.000000 2604308.000000
1942025.000000 3104321.000000 1747868.000000 2005317.000000 774055.000000
1948050.000000 3100421.000000 1674263.000000 1912948.000000 676659.000000
1939333.000000 3096757.000000 1765063.000000 4309594.000000 1397048.000000
1954950.000000 3052473.000000 1891948.000000 2207674.000000 950514.000000
1997215.000000 3173298.000000 3965279.000000 3043843.000000 1027250.000000
1920220.000000 3074263.000000 1783962.000000 2072747.000000 809517.000000
2046934.000000 3131442.000000 3966462.000000 2958704.000000 992661.000000
1936620.000000 3097134.000000 1779352.000000 2067743.000000 809753.000000
