371190.000000 366700.000000 409511.000000 154606.000000 103597.000000
365640.000000 371084.000000 406550.000000 155145.000000 102136.000000
369053.000000 375818.000000 419458.000000 167485.000000 102773.000000
367430.000000 362839.000000 420013.000000 160457.000000 106589.000000
364664.000000 368620.000000 419087.000000 158668.000000 104638.000000
367575.000000 360574.000000 420936.000000 160518.000000 103611.000000
363894.000000 363916.000000 417126.000000 158277.000000 102440.000000
364711.000000 367827.000000 390639.000000 146154.000000 99138.000000
364522.000000 373300.000000 392671.000000 147182.000000 97362.000000
360681.000000 362048.000000 400231.000000 150322.000000 101767.000000
363222.000000 380084.000000 369811.000000 138858.000000 96992.000000
376544.000000 385049.000000 427048.000000 163417.000000 101346.000000
407023.000000 384733.000000 426647.000000 160028.000000 102329.000000
364804.000000 369655.000000 407737.000000 155112.000000 101987.000000
363184.000000 359633.000000 400284.000000 149290.000000 104747.000000
365755.000000 371948.000000 416567.000000 163803.000000 101195.000000
407429.000000 387660.000000 402292.000000 149922.000000 104873.000000
366600.000000 378604.000000 414848.000000 160195.000000 102561.000000
364922.000000 383507.000000 415097.000000 159846.000000 102301.000000
364282.000000 372198.000000 411924.000000 156534.000000 99480.000000
365832.000000 357805.000000 416046.000000 157479.000000 105182.000000
361782.000000 392400.000000 384757.000000 138225.000000 105280.000000
366539.000000 372965.000000 405111.000000 157734.000000 99491.000000
369351.000000 372216.000000 418186.000000 158978.000000 103091.000000
362628.000000 383290.000000 391970.000000 144334.000000 99992.000000
365515.000000 380933.000000 414267.000000 158762.000000 105643.000000
364214.000000 375594.000000 408736.000000 153792.000000 108541.000000
368269.000000 369219.000000 416874.000000 158648.000000 103085.000000
397318.000000 382634.000000 375535.000000 141571.000000 99390.000000
364716.000000 357453.000000 402974.000000 147576.000000 99456.000000
370447.000000 372684.000000 405944.000000 153598.000000 100966.000000
367183.000000 369274.000000 417364.000000 160742.000000 102723.000000
362506.000000 395825.000000 394097.000000 153744.000000 98392.000000
367659.000000 365848.000000 411611.000000 159594.000000 103649.000000
362567.000000 365383.000000 413593.000000 156476.000000 102261.000000
365403.000000 394506.000000 415696.000000 158483.000000 101283.000000
365304.000000 376576.000000 411098.000000 156674.000000 99260.000000
362618.000000 365062.000000 406488.000000 155139.000000 101848.000000
368176.000000 377823.000000 417613.000000 158909.000000 102736.000000
363015.000000 383432.000000 420204.000000 163849.000000 102315.000000
365826.000000 371697.000000 411990.000000 154495.000000 103521.000000
365994.000000 393182.000000 404270.000000 156871.000000 102018.000000
365563.000000 356522.000000 419661.000000 160935.000000 98761.000000
369294.000000 374459.000000 415255.000000 159389.000000 103092.000000
361083.000000 384799.000000 385534.000000 143599.000000 99003.000000
364381.000000 367783.000000 389670.000000 141999.000000 97220.000000
364916.000000 377680.000000 409476.000000 157781.000000 102184.000000
366007.000000 372163.000000 395726.000000 149365.000000 96619.000000
364668.000000 384271.000000 386730.000000 142957.000000 96511.000000
363703.000000 368175.000000 391594.000000 147636.000000 97002.000000
