385980.000000 381742.000000 465905.000000 184455.000000 133663.000000
366230.000000 396671.000000 406397.000000 170143.000000 113789.000000
365872.000000 424406.000000 419773.000000 180334.000000 113842.000000
370098.000000 379980.000000 420769.000000 179334.000000 116296.000000
366873.000000 406205.000000 418390.000000 179594.000000 114431.000000
368246.000000 403403.000000 420134.000000 181408.000000 115978.000000
365625.000000 394507.000000 417034.000000 176025.000000 115606.000000
364322.000000 403242.000000 390585.000000 164670.000000 107833.000000
366790.000000 374849.000000 393832.000000 166700.000000 109858.000000
363332.000000 395506.000000 398175.000000 167866.000000 113254.000000
390035.000000 399460.000000 390458.000000 152760.000000 105403.000000
379768.000000 404025.000000 425710.000000 182709.000000 115419.000000
369409.000000 384088.000000 417126.000000 179774.000000 114998.000000
364523.000000 386049.000000 408895.000000 171699.000000 115996.000000
364501.000000 404963.000000 401506.000000 166798.000000 114163.000000
364546.000000 391947.000000 416363.000000 179693.000000 112085.000000
363600.000000 391840.000000 392154.000000 168120.000000 108467.000000
367570.000000 384197.000000 413778.000000 176075.000000 117404.000000
367496.000000 388905.000000 414162.000000 174656.000000 117109.000000
377467.000000 397459.000000 417184.000000 174314.000000 114024.000000
369880.000000 392401.000000 417692.000000 176210.000000 117710.000000
360331.000000 406637.000000 385536.000000 158808.000000 110975.000000
363386.000000 395265.000000 403848.000000 169852.000000 112327.000000
367751.000000 408686.000000 416669.000000 179871.000000 114601.000000
362575.000000 383597.000000 393971.000000 163760.000000 112556.000000
363397.000000 391854.000000 415113.000000 178455.000000 116301.000000
365820.000000 433589.000000 411090.000000 175006.000000 115383.000000
368179.000000 404688.000000 418368.000000 180017.000000 114969.000000
360926.000000 399020.000000 376825.000000 155999.000000 109502.000000
363547.000000 397891.000000 398449.000000 164637.000000 110188.000000
363085.000000 396622.000000 406895.000000 170774.000000 114959.000000
368659.000000 406768.000000 417968.000000 180839.000000 114290.000000
364718.000000 411162.000000 395440.000000 167427.000000 114253.000000
367312.000000 390980.000000 412156.000000 174843.000000 117523.000000
363692.000000 389230.000000 414843.000000 178915.000000 117722.000000
364505.000000 406117.000000 419261.000000 179051.000000 113807.000000
365982.000000 407309.000000 410231.000000 174420.000000 112938.000000
363356.000000 386018.000000 406023.000000 173174.000000 113388.000000
367519.000000 406848.000000 417368.000000 178616.000000 115794.000000
364786.000000 409088.000000 422658.000000 180824.000000 120442.000000
366682.000000 384953.000000 412153.000000 173325.000000 118852.000000
368421.000000 399826.000000 403908.000000 171486.000000 111239.000000
366746.000000 378057.000000 419255.000000 179570.000000 117825.000000
367906.000000 393642.000000 414407.000000 179548.000000 114688.000000
360979.000000 395490.000000 387623.000000 164480.000000 108230.000000
363016.000000 383031.000000 390691.000000 162315.000000 111068.000000
368636.000000 406006.000000 410683.000000 173680.000000 118353.000000
368250.000000 395391.000000 396219.000000 168137.000000 114145.000000
362455.000000 399240.000000 385616.000000 158551.000000 108566.000000
363788.000000 415420.000000 393144.000000 165388.000000 110492.000000
