1946281.000000 1463191.000000 1673056.000000 518663.000000 144765.000000
1951998.000000 1398239.000000 2162279.000000 730776.000000 344750.000000
1925044.000000 1497680.000000 1716755.000000 540363.000000 148045.000000
1948361.000000 1460810.000000 1815287.000000 573735.000000 167838.000000
1930954.000000 1426463.000000 1895062.000000 599547.000000 191379.000000
1925374.000000 1483206.000000 1794399.000000 573013.000000 164705.000000
1948886.000000 1431059.000000 1970784.000000 624338.000000 254005.000000
1962081.000000 1470209.000000 1878237.000000 600883.000000 190702.000000
1951664.000000 1484623.000000 1732271.000000 537620.000000 153062.000000
1948225.000000 1388842.000000 2053680.000000 669136.000000 301459.000000
1932978.000000 1453772.000000 1812855.000000 583476.000000 169735.000000
1926800.000000 1513349.000000 1655039.000000 521490.000000 138710.000000
1928944.000000 1467790.000000 1823162.000000 580892.000000 168901.000000
1927665.000000 1441804.000000 1817402.000000 577637.000000 171637.000000
1938358.000000 1444020.000000 1850618.000000 596001.000000 174122.000000
1962811.000000 1528027.000000 1697146.000000 533671.000000 142428.000000
1928587.000000 1482690.000000 1725554.000000 546986.000000 151740.000000
1941230.000000 1497364.000000 1658320.000000 520363.000000 138149.000000
1934224.000000 1496227.000000 1746562.000000 554548.000000 154560.000000
1950815.000000 1437805.000000 1976642.000000 637808.000000 279357.000000
1933634.000000 1496918.000000 1787402.000000 570822.000000 165219.000000
1990448.000000 1439545.000000 1961940.000000 761131.000000 190891.000000
1987298.000000 1428047.000000 2124588.000000 698737.000000 291792.000000
1951864.000000 1451398.000000 1876954.000000 598282.000000 180024.000000
1961487.000000 1456950.000000 1738209.000000 544208.000000 154573.000000
1933993.000000 1448111.000000 1677111.000000 524018.000000 146575.000000
1948098.000000 1485259.000000 1831554.000000 571164.000000 172914.000000
1954428.000000 1483067.000000 1792404.000000 566496.000000 164383.000000
1942265.000000 1459644.000000 1726509.000000 549991.000000 150219.000000
1949620.000000 1476607.000000 1717513.000000 534974.000000 146947.000000
1977848.000000 1421162.000000 1929575.000000 617031.000000 193088.000000
1954059.000000 1465950.000000 1606456.000000 495448.000000 132310.000000
1929979.000000 1454402.000000 1773813.000000 556289.000000 160273.000000
1935722.000000 1468156.000000 1746851.000000 542834.000000 154544.000000
1922271.000000 1489351.000000 1737260.000000 590241.000000 154193.000000
1956217.000000 1439493.000000 1759587.000000 558115.000000 158492.000000
1933595.000000 1481594.000000 1764508.000000 561417.000000 157170.000000
1940350.000000 1420096.000000 1790696.000000 561237.000000 163488.000000
1934780.000000 1403763.000000 1882064.000000 597546.000000 180730.000000
1943751.000000 1466106.000000 1792554.000000 566601.000000 166647.000000
1959674.000000 1378624.000000 1975860.000000 640781.000000 212088.000000
1964328.000000 1423403.000000 1910781.000000 607852.000000 182307.000000
1941908.000000 1459756.000000 1748977.000000 546764.000000 152837.000000
1945094.000000 1489010.000000 1674197.000000 525728.000000 143456.000000
1940942.000000 1459318.000000 1841268.000000 581827.000000 170788.000000
1955926.000000 1417828.000000 1934441.000000 616153.000000 197270.000000
2000022.000000 1494225.000000 1833401.000000 585530.000000 163216.000000
1920055.000000 1456001.000000 1781368.000000 563954.000000 161707.000000
2091869.000000 1519030.000000 1852694.000000 597132.000000 155763.000000
1936903.000000 1471018.000000 1778391.000000 571226.000000 162656.000000
