1300636.000000 1062664.000000 1348607.000000 572545.000000 317822.000000
1319011.000000 1075216.000000 1334822.000000 563564.000000 312913.000000
1305643.000000 1092646.000000 1391648.000000 609914.000000 357393.000000
1295282.000000 1051490.000000 1373511.000000 597931.000000 336534.000000
1301506.000000 1031956.000000 1320893.000000 554464.000000 309847.000000
1292745.000000 1073296.000000 1378009.000000 601772.000000 339697.000000
1299199.000000 1038805.000000 1401355.000000 616233.000000 356986.000000
1295411.000000 1055308.000000 1509622.000000 710263.000000 448745.000000
1329477.000000 1098351.000000 1408966.000000 615938.000000 342166.000000
1320087.000000 1066115.000000 1426345.000000 663826.000000 353770.000000
1327682.000000 1050884.000000 1398968.000000 596990.000000 337382.000000
1342783.000000 1027579.000000 1431091.000000 674765.000000 360622.000000
1339758.000000 1048370.000000 1433027.000000 667242.000000 364113.000000
1341790.000000 1038119.000000 1440549.000000 627460.000000 355035.000000
1328048.000000 1062186.000000 1404422.000000 595458.000000 339259.000000
1326491.000000 1043150.000000 1556544.000000 707762.000000 474189.000000
1334995.000000 1071146.000000 1350047.000000 560554.000000 303568.000000
1362317.000000 1057159.000000 1428851.000000 657018.000000 355087.000000
1302279.000000 1095814.000000 1418422.000000 697563.000000 343505.000000
1297336.000000 1071879.000000 1412527.000000 622146.000000 365570.000000
1326277.000000 1061975.000000 1411866.000000 598430.000000 341229.000000
1331387.000000 1049518.000000 1387544.000000 614955.000000 345727.000000
1297105.000000 1078399.000000 1358955.000000 591308.000000 330020.000000
1290492.000000 1030360.000000 1464275.000000 662931.000000 407172.000000
1340417.000000 1050618.000000 1442346.000000 637016.000000 365157.000000
1315112.000000 1059826.000000 1375758.000000 596769.000000 333394.000000
1317827.000000 1008515.000000 1482607.000000 679068.000000 419255.000000
1327849.000000 1043460.000000 1402688.000000 597040.000000 346149.000000
1308653.000000 1058942.000000 1445005.000000 646582.000000 414571.000000
1324389.000000 1046026.000000 1419181.000000 613452.000000 352538.000000
1334593.000000 1032668.000000 1524228.000000 682469.000000 432307.000000
1299981.000000 1084427.000000 1382198.000000 580237.000000 324114.000000
1298428.000000 1064734.000000 1378030.000000 601122.000000 339977.000000
1302365.000000 1073102.000000 1431034.000000 644696.000000 381774.000000
1292343.000000 1062379.000000 1394429.000000 612146.000000 351907.000000
1295882.000000 1022172.000000 1412611.000000 621338.000000 360406.000000
1344591.000000 1063150.000000 1377723.000000 587803.000000 327017.000000
1340820.000000 1004482.000000 1528729.000000 696998.000000 449806.000000
1302362.000000 1080789.000000 1338680.000000 611777.000000 316107.000000
1330389.000000 1049422.000000 1389559.000000 594005.000000 328639.000000
1325492.000000 1032564.000000 1445287.000000 626660.000000 371085.000000
1308197.000000 1044853.000000 1406479.000000 656764.000000 359768.000000
1297024.000000 1086281.000000 1378164.000000 583713.000000 321601.000000
1296323.000000 1047835.000000 1361278.000000 585227.000000 330896.000000
1326760.000000 1046274.000000 1455881.000000 635725.000000 378545.000000
1304466.000000 1059355.000000 1422991.000000 634074.000000 360941.000000
1327011.000000 1045899.000000 1398519.000000 612935.000000 351872.000000
1323387.000000 1049843.000000 1424670.000000 620288.000000 350240.000000
1307647.000000 1049840.000000 1407847.000000 616644.000000 354491.000000
1327427.000000 1071186.000000 1334117.000000 561167.000000 308657.000000
