1943885.000000 1402716.000000 1673421.000000 476642.000000 128619.000000
1950943.000000 1303502.000000 2163759.000000 670686.000000 316117.000000
1928116.000000 1386280.000000 1718689.000000 499365.000000 134090.000000
1946992.000000 1342155.000000 1817823.000000 530203.000000 151336.000000
1932898.000000 1357304.000000 1896008.000000 555406.000000 173104.000000
1926582.000000 1376705.000000 1794226.000000 522952.000000 147464.000000
1948406.000000 1365453.000000 1969469.000000 573317.000000 234647.000000
1962377.000000 1386873.000000 1883768.000000 557820.000000 170914.000000
1949763.000000 1391314.000000 1732779.000000 500948.000000 138735.000000
1948481.000000 1277822.000000 2054625.000000 616975.000000 279940.000000
1933125.000000 1371022.000000 1814084.000000 544564.000000 150802.000000
1927322.000000 1432946.000000 1656015.000000 473831.000000 125752.000000
1930467.000000 1376462.000000 1821898.000000 535080.000000 152060.000000
1927739.000000 1368390.000000 1820956.000000 538208.000000 154184.000000
1938467.000000 1386510.000000 1849904.000000 552206.000000 158592.000000
1962639.000000 1412679.000000 1698460.000000 490137.000000 131761.000000
1929829.000000 1428301.000000 1723568.000000 513810.000000 136421.000000
1937804.000000 1404012.000000 1658716.000000 475864.000000 125953.000000
1935017.000000 1362021.000000 1746054.000000 506199.000000 140937.000000
1951154.000000 1329593.000000 1980648.000000 589048.000000 256288.000000
1930079.000000 1370180.000000 1789934.000000 528171.000000 147513.000000
1992449.000000 1375767.000000 1962248.000000 696430.000000 175204.000000
1992421.000000 1287516.000000 2123784.000000 641198.000000 269466.000000
1953929.000000 1378058.000000 1879014.000000 555025.000000 161343.000000
1962311.000000 1402260.000000 1736564.000000 503028.000000 140723.000000
1937793.000000 1368503.000000 1681813.000000 481781.000000 135283.000000
1977435.000000 1417068.000000 1836340.000000 533676.000000 158880.000000
1954402.000000 1381247.000000 1793397.000000 517662.000000 148750.000000
1944313.000000 1341174.000000 1724750.000000 498825.000000 136443.000000
1948750.000000 1394317.000000 1717175.000000 496110.000000 133887.000000
1977905.000000 1362497.000000 1930835.000000 566047.000000 180397.000000
1952889.000000 1386618.000000 1608199.000000 459777.000000 121395.000000
1928846.000000 1406233.000000 1772618.000000 513252.000000 144363.000000
1931012.000000 1389142.000000 1743567.000000 503727.000000 138920.000000
1922767.000000 1428146.000000 1739130.000000 511261.000000 139453.000000
1955120.000000 1366440.000000 1761378.000000 511486.000000 147467.000000
1933471.000000 1410867.000000 1763954.000000 516457.000000 142468.000000
1937799.000000 1396726.000000 1789456.000000 517886.000000 148766.000000
1936190.000000 1349620.000000 1882144.000000 549315.000000 164047.000000
1949084.000000 1352922.000000 1796626.000000 518888.000000 151843.000000
1961166.000000 1341580.000000 1975243.000000 583040.000000 189043.000000
1964627.000000 1349063.000000 1909933.000000 564951.000000 163856.000000
1938730.000000 3474846.000000 2824045.000000 820238.000000 198870.000000
1946405.000000 1395305.000000 1672198.000000 485192.000000 127691.000000
1940601.000000 1382789.000000 1840464.000000 542975.000000 156839.000000
1954241.000000 1360847.000000 1933505.000000 568920.000000 179543.000000
1998592.000000 1404058.000000 1836328.000000 534144.000000 147742.000000
1933029.000000 1397442.000000 1782443.000000 520615.000000 145694.000000
2092808.000000 1447094.000000 1850655.000000 531762.000000 141083.000000
1933984.000000 1371816.000000 1783036.000000 524849.000000 146264.000000
