1946394.000000 1606384.000000 1669950.000000 570886.000000 167081.000000
1950609.000000 1524273.000000 2160636.000000 804533.000000 378847.000000
1924105.000000 1641104.000000 1712469.000000 593021.000000 167750.000000
1938299.000000 1655277.000000 1818706.000000 637307.000000 189541.000000
1932008.000000 1546848.000000 1892570.000000 659506.000000 213669.000000
1925137.000000 1635441.000000 1795964.000000 623242.000000 186341.000000
1947819.000000 1584624.000000 1971297.000000 691723.000000 280143.000000
1961414.000000 1622015.000000 1883254.000000 664615.000000 220414.000000
1952426.000000 1619398.000000 1733364.000000 597446.000000 173362.000000
1947487.000000 1569932.000000 2054055.000000 741804.000000 331578.000000
1933147.000000 1625088.000000 1815290.000000 641270.000000 189053.000000
1928002.000000 1659277.000000 1657722.000000 580123.000000 156461.000000
1927819.000000 1597592.000000 1823270.000000 645424.000000 190326.000000
1928673.000000 1585678.000000 1821523.000000 636421.000000 192490.000000
1937408.000000 1613658.000000 1851915.000000 645768.000000 197142.000000
1961605.000000 1653501.000000 1695918.000000 582776.000000 163659.000000
1929681.000000 1611903.000000 1723840.000000 632875.000000 170151.000000
1942998.000000 1645695.000000 1659763.000000 573732.000000 154911.000000
1933717.000000 1649851.000000 1745199.000000 608569.000000 178293.000000
1951406.000000 1584428.000000 1981313.000000 693732.000000 312294.000000
1935571.000000 1603099.000000 1786630.000000 628168.000000 184029.000000
1992467.000000 1587296.000000 1960239.000000 838775.000000 214635.000000
1941401.000000 1554804.000000 2122702.000000 763393.000000 322460.000000
1953591.000000 1593436.000000 1877026.000000 662768.000000 203319.000000
1962925.000000 1677192.000000 1736645.000000 602665.000000 174034.000000
1935383.000000 1586277.000000 1679137.000000 583305.000000 163794.000000
1948686.000000 1595519.000000 1831554.000000 633352.000000 193773.000000
1955178.000000 1646012.000000 1792533.000000 630161.000000 184698.000000
1943976.000000 1582083.000000 1725230.000000 605176.000000 170892.000000
1946271.000000 1658183.000000 1717834.000000 592594.000000 167856.000000
1982924.000000 1598443.000000 1929742.000000 680007.000000 217213.000000
1953478.000000 1620096.000000 1607105.000000 550775.000000 148737.000000
1930160.000000 1637317.000000 1771484.000000 617796.000000 180994.000000
1923598.000000 1636484.000000 1743579.000000 605376.000000 175031.000000
1921416.000000 1613382.000000 1735842.000000 647390.000000 171957.000000
1955519.000000 1579039.000000 1759941.000000 615839.000000 179794.000000
1933339.000000 1627698.000000 1760546.000000 614811.000000 176985.000000
1987322.000000 1639060.000000 1790127.000000 625142.000000 183089.000000
1947900.000000 1603123.000000 1880460.000000 657276.000000 204106.000000
1946259.000000 1571612.000000 1792418.000000 627017.000000 183365.000000
1960169.000000 1539426.000000 1975738.000000 703585.000000 239440.000000
1964505.000000 1583119.000000 1910456.000000 669327.000000 204285.000000
1942342.000000 1584854.000000 1745810.000000 610551.000000 173734.000000
1945207.000000 1624240.000000 1675077.000000 580861.000000 158872.000000
1942186.000000 1593057.000000 1841923.000000 644337.000000 193887.000000
1956168.000000 1531706.000000 1933910.000000 677223.000000 221516.000000
2000470.000000 1625761.000000 1835525.000000 642501.000000 182847.000000
1920603.000000 1590354.000000 1783189.000000 616319.000000 181837.000000
2093409.000000 1685739.000000 1851047.000000 641232.000000 175617.000000
1938006.000000 1622779.000000 1783062.000000 624145.000000 181587.000000
