1942453.000000 1856686.000000 1684375.000000 644678.000000 184927.000000
1943226.000000 1692690.000000 2164832.000000 908134.000000 423466.000000
1915008.000000 1747860.000000 1733722.000000 665931.000000 197198.000000
1947316.000000 1799149.000000 1826041.000000 712044.000000 223259.000000
2019755.000000 1779756.000000 1962785.000000 772128.000000 242972.000000
1900253.000000 1772588.000000 1811413.000000 707949.000000 218506.000000
1939564.000000 1714119.000000 1990514.000000 776846.000000 315489.000000
1880838.000000 1731524.000000 1876870.000000 728696.000000 234405.000000
1928816.000000 1798875.000000 1742299.000000 672976.000000 198769.000000
1980838.000000 1690133.000000 2137195.000000 913957.000000 373318.000000
1890040.000000 1795213.000000 1835950.000000 714192.000000 221324.000000
1958664.000000 1835210.000000 1693671.000000 649333.000000 183104.000000
1932841.000000 1750000.000000 1844856.000000 715131.000000 225873.000000
1945847.000000 1758313.000000 1843404.000000 716237.000000 223255.000000
1940552.000000 1803542.000000 1861935.000000 719554.000000 227617.000000
1915579.000000 1759982.000000 1708637.000000 659779.000000 190310.000000
1916942.000000 1765510.000000 1752842.000000 681452.000000 198343.000000
1894324.000000 1812561.000000 1677467.000000 642320.000000 180552.000000
1993402.000000 1833287.000000 1844581.000000 721800.000000 206288.000000
1966068.000000 1753487.000000 1991549.000000 778532.000000 318567.000000
1940546.000000 1798791.000000 1806179.000000 702041.000000 214874.000000
1936940.000000 1767885.000000 1920124.000000 749311.000000 245320.000000
1973912.000000 1759893.000000 2079453.000000 838040.000000 362190.000000
1968827.000000 1761644.000000 1898724.000000 743975.000000 241292.000000
1955975.000000 1819284.000000 1757571.000000 678871.000000 201310.000000
1938521.000000 1791304.000000 1704625.000000 744914.000000 188585.000000
1946548.000000 1805381.000000 1850946.000000 719003.000000 223953.000000
1943799.000000 1823315.000000 1804049.000000 699957.000000 215293.000000
1965849.000000 1822029.000000 1776914.000000 687242.000000 201136.000000
1924155.000000 1824053.000000 1729224.000000 667252.000000 192074.000000
1971793.000000 1798644.000000 1940240.000000 772942.000000 254535.000000
1916004.000000 1740267.000000 1619910.000000 623272.000000 172169.000000
1896379.000000 1774078.000000 1790374.000000 694071.000000 211243.000000
1927901.000000 1800483.000000 1763969.000000 687005.000000 204082.000000
1984573.000000 1855059.000000 1764898.000000 682076.000000 200302.000000
1931864.000000 1804012.000000 1779569.000000 686340.000000 208206.000000
1954391.000000 1807969.000000 1786722.000000 691409.000000 209622.000000
1935545.000000 1807506.000000 1812994.000000 700724.000000 214977.000000
1966231.000000 1754260.000000 1904418.000000 748040.000000 238404.000000
1917316.000000 1750235.000000 1807851.000000 769490.000000 212989.000000
1961750.000000 1774874.000000 1993150.000000 803030.000000 280202.000000
1960563.000000 1757307.000000 1908828.000000 746465.000000 241522.000000
1944963.000000 1829245.000000 1760838.000000 682287.000000 208573.000000
1934448.000000 1851236.000000 1691691.000000 656165.000000 187487.000000
1945170.000000 1754904.000000 1872056.000000 727717.000000 227163.000000
1959958.000000 1767934.000000 1951135.000000 766100.000000 261692.000000
1944275.000000 1806257.000000 1800139.000000 704668.000000 211298.000000
1932892.000000 1823324.000000 1798138.000000 705268.000000 214824.000000
1946190.000000 1814813.000000 1769308.000000 684242.000000 206939.000000
1948543.000000 1798896.000000 1796501.000000 696114.000000 212360.000000
