364203.000000 302256.000000 408916.000000 111891.000000 89185.000000
364628.000000 331433.000000 407329.000000 116690.000000 86502.000000
368362.000000 328684.000000 419464.000000 124521.000000 84653.000000
367921.000000 310982.000000 419605.000000 119009.000000 88180.000000
365476.000000 328313.000000 418196.000000 117053.000000 88942.000000
367533.000000 327289.000000 421067.000000 119381.000000 91177.000000
365019.000000 328166.000000 416744.000000 116003.000000 84072.000000
363960.000000 322025.000000 391289.000000 105283.000000 85255.000000
365638.000000 335195.000000 392806.000000 107587.000000 79821.000000
361271.000000 324102.000000 399557.000000 109182.000000 88415.000000
363118.000000 336042.000000 370993.000000 109185.000000 80389.000000
364170.000000 335372.000000 419094.000000 121004.000000 85310.000000
367761.000000 341650.000000 417510.000000 117189.000000 84536.000000
365167.000000 327337.000000 408156.000000 114752.000000 84892.000000
363140.000000 313749.000000 400879.000000 111152.000000 86242.000000
366959.000000 331210.000000 416493.000000 124066.000000 83441.000000
360737.000000 324548.000000 392778.000000 107822.000000 84885.000000
366567.000000 329603.000000 414006.000000 116208.000000 80563.000000
364667.000000 328863.000000 414653.000000 120148.000000 83106.000000
365219.000000 323280.000000 410801.000000 113629.000000 82549.000000
365945.000000 313600.000000 417607.000000 115870.000000 86771.000000
362562.000000 338163.000000 384209.000000 103125.000000 87678.000000
366490.000000 330997.000000 405489.000000 117930.000000 82717.000000
366636.000000 315886.000000 416953.000000 117159.000000 83801.000000
362393.000000 313374.000000 393743.000000 106226.000000 81058.000000
365654.000000 329855.000000 414790.000000 115687.000000 85408.000000
363341.000000 329134.000000 409828.000000 113378.000000 85943.000000
367401.000000 325245.000000 418667.000000 117951.000000 82660.000000
363286.000000 334324.000000 376992.000000 107469.000000 83001.000000
364686.000000 329989.000000 402029.000000 108946.000000 82906.000000
367077.000000 327706.000000 406171.000000 111072.000000 84793.000000
367101.000000 326706.000000 418251.000000 119533.000000 81800.000000
362801.000000 351791.000000 394649.000000 117526.000000 81291.000000
368349.000000 329009.000000 412700.000000 122296.000000 84121.000000
361708.000000 329567.000000 414759.000000 117725.000000 83522.000000
365994.000000 328631.000000 414600.000000 124062.000000 82137.000000
365576.000000 325541.000000 410316.000000 118127.000000 82165.000000
363125.000000 317115.000000 406128.000000 113018.000000 86446.000000
366979.000000 349857.000000 417362.000000 122218.000000 84793.000000
362443.000000 318005.000000 421433.000000 120575.000000 82214.000000
364838.000000 318646.000000 411045.000000 112405.000000 92216.000000
366136.000000 351615.000000 402120.000000 134355.000000 84316.000000
366349.000000 308086.000000 421077.000000 117806.000000 85072.000000
369726.000000 317854.000000 416006.000000 115683.000000 86691.000000
361789.000000 345970.000000 387774.000000 109179.000000 80314.000000
363070.000000 325618.000000 389330.000000 105168.000000 80533.000000
365420.000000 334674.000000 408649.000000 135551.000000 85395.000000
367583.000000 340530.000000 395919.000000 115400.000000 79897.000000
364842.000000 326641.000000 385649.000000 104002.000000 79771.000000
368656.000000 339872.000000 392508.000000 113552.000000 87545.000000
