377631.000000 449279.000000 442809.000000 425765.000000 275143.000000
367704.000000 470332.000000 407070.000000 439265.000000 286690.000000
366297.000000 469910.000000 420200.000000 455441.000000 293024.000000
369957.000000 474438.000000 420273.000000 455495.000000 294933.000000
367061.000000 474119.000000 419556.000000 456634.000000 294794.000000
367942.000000 472765.000000 421708.000000 456943.000000 291901.000000
365493.000000 470046.000000 418133.000000 451194.000000 294175.000000
364246.000000 468718.000000 389804.000000 418498.000000 272237.000000
367244.000000 472930.000000 393925.000000 425497.000000 274425.000000
362663.000000 472957.000000 398913.000000 430661.000000 279726.000000
390076.000000 466896.000000 390332.000000 394082.000000 255741.000000
379414.000000 476413.000000 425555.000000 456482.000000 291517.000000
369289.000000 474468.000000 418845.000000 452712.000000 289800.000000
365144.000000 469989.000000 408788.000000 442581.000000 287155.000000
365129.000000 469467.000000 402446.000000 429493.000000 281239.000000
364623.000000 467274.000000 415912.000000 452405.000000 291961.000000
365173.000000 465370.000000 392953.000000 423075.000000 274427.000000
367254.000000 475608.000000 413253.000000 449402.000000 291485.000000
367086.000000 471474.000000 415046.000000 448183.000000 291738.000000
377559.000000 470405.000000 418397.000000 444793.000000 288004.000000
520038.000000 668372.000000 523309.000000 569661.000000 330698.000000
360489.000000 464647.000000 385435.000000 411916.000000 271819.000000
362752.000000 465595.000000 404866.000000 434638.000000 283108.000000
368360.000000 472398.000000 417310.000000 454024.000000 293629.000000
363299.000000 466024.000000 393672.000000 425953.000000 277199.000000
363700.000000 470785.000000 415070.000000 451739.000000 290945.000000
365340.000000 498576.000000 409951.000000 444158.000000 288005.000000
367691.000000 476276.000000 419381.000000 455502.000000 292536.000000
361979.000000 466143.000000 376397.000000 404363.000000 262058.000000
363088.000000 470034.000000 399907.000000 429929.000000 280717.000000
363846.000000 470208.000000 406106.000000 437607.000000 287004.000000
368217.000000 473286.000000 418025.000000 452959.000000 291962.000000
363660.000000 470952.000000 395557.000000 425622.000000 273564.000000
367190.000000 470116.000000 411498.000000 447636.000000 290841.000000
364108.000000 467871.000000 414953.000000 450616.000000 290748.000000
365458.000000 468979.000000 419377.000000 448235.000000 291834.000000
365454.000000 469233.000000 410920.000000 441139.000000 287201.000000
363156.000000 467660.000000 406645.000000 438486.000000 285132.000000
367181.000000 470729.000000 417725.000000 451115.000000 291859.000000
365327.000000 471656.000000 421944.000000 460996.000000 294402.000000
365884.000000 470688.000000 411478.000000 442558.000000 288201.000000
368281.000000 472563.000000 402688.000000 438701.000000 284053.000000
366798.000000 470607.000000 419663.000000 454759.000000 294975.000000
368258.000000 471594.000000 414535.000000 452727.000000 291777.000000
361247.000000 467256.000000 387268.000000 415329.000000 270543.000000
362220.000000 469238.000000 390917.000000 418204.000000 273472.000000
369334.000000 479229.000000 410884.000000 442576.000000 287870.000000
368592.000000 478711.000000 396411.000000 428154.000000 276910.000000
362603.000000 477649.000000 386023.000000 412494.000000 269591.000000
363603.000000 479243.000000 394324.000000 424563.000000 273596.000000
