1329335.000000 786337.000000 1359887.000000 375547.000000 217218.000000
1341936.000000 752861.000000 1346284.000000 372262.000000 214900.000000
1332837.000000 752623.000000 1406617.000000 411003.000000 246594.000000
1323687.000000 769638.000000 1388185.000000 398614.000000 229476.000000
1333395.000000 776904.000000 1332038.000000 368328.000000 210636.000000
1322404.000000 753765.000000 1394098.000000 407420.000000 232881.000000
1327193.000000 749013.000000 1417574.000000 412267.000000 244650.000000
1320857.000000 738176.000000 1529305.000000 487267.000000 311529.000000
1359765.000000 746601.000000 1390867.000000 407379.000000 235618.000000
1321611.000000 753334.000000 1425363.000000 423032.000000 245442.000000
1328563.000000 744464.000000 1398468.000000 404828.000000 237134.000000
1341811.000000 740764.000000 1433004.000000 451854.000000 254765.000000
1338671.000000 759088.000000 1430151.000000 453759.000000 257373.000000
1341144.000000 720714.000000 1440010.000000 423642.000000 252957.000000
1328010.000000 756718.000000 1405038.000000 404177.000000 235604.000000
1326168.000000 718734.000000 1555592.000000 472224.000000 332090.000000
1334684.000000 784203.000000 1349536.000000 379663.000000 216345.000000
1365094.000000 737406.000000 1415141.000000 413695.000000 248365.000000
1329012.000000 756241.000000 1403482.000000 470625.000000 235839.000000
1325705.000000 758380.000000 1429349.000000 424723.000000 255190.000000
1324671.000000 769682.000000 1412556.000000 413023.000000 240446.000000
1332134.000000 756544.000000 1398224.000000 418107.000000 236252.000000
1340952.000000 753562.000000 1378980.000000 388081.000000 228562.000000
1318660.000000 722781.000000 1480966.000000 444692.000000 286617.000000
1337931.000000 755926.000000 1448312.000000 439013.000000 250271.000000
1343172.000000 774267.000000 1393264.000000 397365.000000 229102.000000
1330067.000000 734445.000000 1499474.000000 458523.000000 293865.000000
1329694.000000 756803.000000 1400500.000000 406965.000000 238087.000000
1333377.000000 742315.000000 1461045.000000 451035.000000 293156.000000
1324567.000000 749196.000000 1419706.000000 419547.000000 250062.000000
1332793.000000 721324.000000 1522934.000000 473427.000000 307635.000000
1329380.000000 786849.000000 1363156.000000 385373.000000 222855.000000
1326776.000000 755030.000000 1391122.000000 1343902.000000 232640.000000
1329264.000000 725627.000000 1447410.000000 437567.000000 263387.000000
1322179.000000 755882.000000 1408281.000000 417133.000000 244258.000000
1324963.000000 749550.000000 1433217.000000 421885.000000 247384.000000
1345323.000000 747188.000000 1375689.000000 393734.000000 227886.000000
1339394.000000 732065.000000 1550806.000000 474372.000000 315002.000000
1332523.000000 774232.000000 1351148.000000 397192.000000 217956.000000
1331756.000000 765576.000000 1390368.000000 389247.000000 230727.000000
1325707.000000 747871.000000 1447396.000000 427743.000000 262192.000000
1340067.000000 728427.000000 1421787.000000 448104.000000 249395.000000
1324681.000000 766760.000000 1372982.000000 403133.000000 223403.000000
1324371.000000 753619.000000 1376660.000000 392456.000000 224549.000000
1327025.000000 745314.000000 1457298.000000 434275.000000 266812.000000
1334603.000000 737029.000000 1439637.000000 419259.000000 251916.000000
1355339.000000 756308.000000 1413706.000000 406548.000000 245064.000000
1323168.000000 750567.000000 1425129.000000 411761.000000 246556.000000
1334940.000000 749059.000000 1406436.000000 420537.000000 244182.000000
1327381.000000 762465.000000 1335042.000000 368610.000000 212293.000000
