383985.000000 389359.000000 452401.000000 200282.000000 133882.000000
366712.000000 446482.000000 406998.000000 210570.000000 138354.000000
366961.000000 432948.000000 420399.000000 213845.000000 137995.000000
369933.000000 433925.000000 420934.000000 211952.000000 142204.000000
366961.000000 419140.000000 418626.000000 209992.000000 138788.000000
368207.000000 409209.000000 420857.000000 212690.000000 136768.000000
366045.000000 423038.000000 418175.000000 210180.000000 137463.000000
364134.000000 414772.000000 391407.000000 195818.000000 127034.000000
366564.000000 410468.000000 392692.000000 196279.000000 130314.000000
362700.000000 424560.000000 399098.000000 199755.000000 132082.000000
389798.000000 424147.000000 390578.000000 181362.000000 124718.000000
379097.000000 413715.000000 425219.000000 217281.000000 138613.000000
368988.000000 425817.000000 418413.000000 212057.000000 137394.000000
363908.000000 397263.000000 408273.000000 201975.000000 136888.000000
364059.000000 423321.000000 400935.000000 198385.000000 134485.000000
364853.000000 418034.000000 417159.000000 209385.000000 134472.000000
362510.000000 414679.000000 393278.000000 196293.000000 130736.000000
366621.000000 409724.000000 412365.000000 205744.000000 148736.000000
367080.000000 419279.000000 413988.000000 208959.000000 138483.000000
377578.000000 414578.000000 417296.000000 207829.000000 135621.000000
369408.000000 433589.000000 417348.000000 211334.000000 139690.000000
360337.000000 419635.000000 384852.000000 187565.000000 131422.000000
364073.000000 420637.000000 405856.000000 210062.000000 133584.000000
367395.000000 415333.000000 417685.000000 212591.000000 138430.000000
362533.000000 414097.000000 394466.000000 194586.000000 132046.000000
363421.000000 409102.000000 415145.000000 211453.000000 137984.000000
366230.000000 439053.000000 410296.000000 204555.000000 132717.000000
368038.000000 417573.000000 419274.000000 212807.000000 137094.000000
360651.000000 431227.000000 376471.000000 184132.000000 128284.000000
363363.000000 418592.000000 400105.000000 196679.000000 131740.000000
363175.000000 411541.000000 405760.000000 201580.000000 140338.000000
368110.000000 422776.000000 417923.000000 210209.000000 150423.000000
363541.000000 441092.000000 394687.000000 197125.000000 140445.000000
367586.000000 422984.000000 412057.000000 208051.000000 133741.000000
363331.000000 431167.000000 413017.000000 207491.000000 136428.000000
365579.000000 429555.000000 418964.000000 209428.000000 141528.000000
366007.000000 424384.000000 411449.000000 206537.000000 132414.000000
363396.000000 416910.000000 405880.000000 203631.000000 134050.000000
367440.000000 412946.000000 416525.000000 210209.000000 138298.000000
365588.000000 426153.000000 422174.000000 215937.000000 138031.000000
365642.000000 423508.000000 411128.000000 206564.000000 136265.000000
368593.000000 426061.000000 403147.000000 201901.000000 134072.000000
366668.000000 415978.000000 420116.000000 211692.000000 140757.000000
367476.000000 425989.000000 414247.000000 213874.000000 136569.000000
361433.000000 425103.000000 387118.000000 193322.000000 132603.000000
361918.000000 421769.000000 391489.000000 191745.000000 132043.000000
370150.000000 411764.000000 411026.000000 205251.000000 139585.000000
368400.000000 428337.000000 396389.000000 197933.000000 130532.000000
362958.000000 427422.000000 386127.000000 188305.000000 128320.000000
364523.000000 429881.000000 393098.000000 217747.000000 131539.000000
