1288908.000000 1229260.000000 1333271.000000 678860.000000 368723.000000
1312990.000000 1232998.000000 1315759.000000 671284.000000 367588.000000
1336053.000000 1287986.000000 1375875.000000 720852.000000 413685.000000
1325004.000000 1239301.000000 1357272.000000 713188.000000 391905.000000
1329792.000000 1237164.000000 1331530.000000 656043.000000 356406.000000
1324042.000000 1272351.000000 1363443.000000 709578.000000 396846.000000
1313087.000000 1209648.000000 1386515.000000 722680.000000 415957.000000
1311113.000000 1241879.000000 1494233.000000 841667.000000 524410.000000
1334311.000000 1245152.000000 1363648.000000 716932.000000 400109.000000
1321538.000000 1241468.000000 1426405.000000 769500.000000 431804.000000
1328439.000000 1230919.000000 1398581.000000 727981.000000 411692.000000
1341115.000000 1238288.000000 1431886.000000 884564.000000 439916.000000
1336657.000000 1266742.000000 1432118.000000 806579.000000 444784.000000
1341172.000000 1233105.000000 1439956.000000 760023.000000 432389.000000
1326096.000000 1252488.000000 1403104.000000 738195.000000 410931.000000
1325558.000000 1219020.000000 1554324.000000 851216.000000 564385.000000
1332754.000000 1278228.000000 1350817.000000 702685.000000 372936.000000
1362813.000000 1267904.000000 1414293.000000 741909.000000 423624.000000
1331796.000000 1243374.000000 1373904.000000 819579.000000 403245.000000
1297842.000000 1206813.000000 1396842.000000 748857.000000 427626.000000
1325134.000000 1257479.000000 1413499.000000 743673.000000 418878.000000
1331522.000000 1275477.000000 1398097.000000 741288.000000 413635.000000
1298328.000000 1225457.000000 1344681.000000 692420.000000 387745.000000
1288299.000000 1208672.000000 1449341.000000 787180.000000 476007.000000
1341462.000000 1242756.000000 1443474.000000 768722.000000 436259.000000
1343460.000000 1249767.000000 1362264.000000 712833.000000 388321.000000
1304173.000000 1191272.000000 1468277.000000 801061.000000 490032.000000
1329306.000000 1245762.000000 1401430.000000 728261.000000 412455.000000
1337414.000000 1247268.000000 1429290.000000 766206.000000 492351.000000
1322425.000000 1238985.000000 1418635.000000 747456.000000 426041.000000
1331420.000000 1218013.000000 1524004.000000 828711.000000 525274.000000
1329289.000000 1272278.000000 1362915.000000 693266.000000 398255.000000
1286763.000000 1225286.000000 1362731.000000 748386.000000 396242.000000
1303077.000000 1209449.000000 1417358.000000 764650.000000 449867.000000
1322442.000000 1256259.000000 1409974.000000 744079.000000 415624.000000
1288058.000000 1213758.000000 1396495.000000 742428.000000 420375.000000
1346377.000000 1266910.000000 1377377.000000 724199.000000 399865.000000
1339422.000000 1221613.000000 1552137.000000 847869.000000 534575.000000
1302320.000000 1270309.000000 1321451.000000 698737.000000 367654.000000
1329421.000000 1248313.000000 1389583.000000 723116.000000 402653.000000
1325009.000000 1235031.000000 1446338.000000 772194.000000 454009.000000
1336540.000000 1262608.000000 1421754.000000 802498.000000 420705.000000
1301327.000000 1238335.000000 1346516.000000 696006.000000 385093.000000
1293744.000000 1223173.000000 1346601.000000 711409.000000 386230.000000
1327232.000000 1236123.000000 1456134.000000 771838.000000 458088.000000
1332229.000000 1230645.000000 1438884.000000 745345.000000 424495.000000
1327105.000000 1234399.000000 1382983.000000 728395.000000 417445.000000
1322661.000000 1234296.000000 1424794.000000 753683.000000 427123.000000
1305969.000000 1243537.000000 1374769.000000 733749.000000 410552.000000
1326691.000000 1262658.000000 1335503.000000 671297.000000 366358.000000
