1275474.000000 1738085.000000 1307488.000000 1481625.000000 810550.000000
1341397.000000 1829860.000000 1345102.000000 1508920.000000 835617.000000
1319808.000000 1783402.000000 1407745.000000 1595603.000000 907275.000000
1325694.000000 1789811.000000 1386178.000000 1572090.000000 883642.000000
1330925.000000 1803588.000000 1331254.000000 1510732.000000 821795.000000
1323917.000000 1792428.000000 1394679.000000 1572702.000000 886188.000000
1326934.000000 1795752.000000 1416413.000000 1617105.000000 919092.000000
1325443.000000 1791255.000000 1531068.000000 1728139.000000 1080955.000000
1341947.000000 1807932.000000 1391522.000000 1564811.000000 899832.000000
1321482.000000 1786318.000000 1425740.000000 1620364.000000 930353.000000
1329374.000000 1798817.000000 1398841.000000 1585454.000000 892562.000000
1328829.000000 1798142.000000 1429497.000000 1628833.000000 936646.000000
1337157.000000 1812396.000000 1434643.000000 1640229.000000 940262.000000
1341189.000000 1827062.000000 1442364.000000 1629322.000000 932661.000000
1328297.000000 1805476.000000 1403685.000000 1607525.000000 898222.000000
1326700.000000 1805055.000000 1555287.000000 1759430.000000 1126454.000000
1334261.000000 1813713.000000 1348892.000000 1517160.000000 836015.000000
1341509.000000 1818649.000000 1412102.000000 1590470.000000 912213.000000
1333401.000000 1813059.000000 1406131.000000 1779165.000000 895175.000000
1326738.000000 1795472.000000 1428507.000000 1610901.000000 933738.000000
1324736.000000 1799579.000000 1414583.000000 1600970.000000 905647.000000
1331703.000000 1793230.000000 1399599.000000 1581474.000000 896254.000000
1327666.000000 1790839.000000 1375824.000000 1554448.000000 869862.000000
1321774.000000 1779310.000000 1483116.000000 1674713.000000 985649.000000
1342473.000000 1828484.000000 1441572.000000 1638239.000000 939002.000000
1342967.000000 1828572.000000 1392370.000000 1564756.000000 875760.000000
1334491.000000 1805598.000000 1499100.000000 1713894.000000 1034285.000000
1329690.000000 1805906.000000 1403079.000000 1591541.000000 898286.000000
1336598.000000 1807692.000000 1460208.000000 1648184.000000 1054050.000000
1322274.000000 1793336.000000 1420474.000000 1614015.000000 919726.000000
1332876.000000 1798095.000000 1524613.000000 1752661.000000 1071141.000000
1328847.000000 1795360.000000 1364279.000000 1533676.000000 857140.000000
1326977.000000 1798695.000000 1390704.000000 1582737.000000 886728.000000
1300596.000000 1760113.000000 1415427.000000 1619424.000000 938540.000000
1320699.000000 1792680.000000 1410994.000000 1593992.000000 912339.000000
1325214.000000 1797451.000000 1429155.000000 1620686.000000 932049.000000
1324631.000000 1813628.000000 1376936.000000 1572090.000000 871839.000000
1339969.000000 1829513.000000 1549717.000000 1781699.000000 1088221.000000
1332360.000000 1800781.000000 1350735.000000 1538514.000000 841708.000000
1330078.000000 1804591.000000 1390935.000000 1571188.000000 884567.000000
1324791.000000 1795189.000000 1447570.000000 1650457.000000 960342.000000
1338723.000000 1809647.000000 1422864.000000 1619950.000000 924832.000000
1329202.000000 1798916.000000 1375758.000000 1553854.000000 877285.000000
1325331.000000 1799140.000000 1376012.000000 1565347.000000 871449.000000
1325325.000000 1793219.000000 1456727.000000 1641622.000000 970886.000000
1333818.000000 1813043.000000 1439576.000000 1649467.000000 934381.000000
1357059.000000 1905007.000000 1413306.000000 1614582.000000 914677.000000
1323483.000000 1790514.000000 1425373.000000 1620025.000000 924885.000000
1334363.000000 1803553.000000 1405911.000000 1598729.000000 907093.000000
1326507.000000 1795647.000000 1336159.000000 1498690.000000 823707.000000
