1330264.000000 847156.000000 1364431.000000 418274.000000 242150.000000
1342965.000000 842156.000000 1343382.000000 416869.000000 233843.000000
1335418.000000 830195.000000 1407322.000000 454833.000000 271483.000000
1323224.000000 830675.000000 1387699.000000 446735.000000 253559.000000
1333222.000000 852473.000000 1331618.000000 407558.000000 230276.000000
1324334.000000 823998.000000 1394726.000000 449307.000000 254068.000000
1327521.000000 822101.000000 1416799.000000 459981.000000 271654.000000
1321642.000000 809604.000000 1526618.000000 530486.000000 343776.000000
1358416.000000 815961.000000 1394335.000000 444633.000000 258772.000000
1320894.000000 817555.000000 1424193.000000 459547.000000 270995.000000
1328494.000000 810963.000000 1399583.000000 448730.000000 260853.000000
1342885.000000 799562.000000 1432330.000000 527574.000000 278244.000000
1335785.000000 811496.000000 1432335.000000 515566.000000 278574.000000
1342838.000000 812460.000000 1440196.000000 466593.000000 275455.000000
1328978.000000 837226.000000 1403077.000000 451137.000000 259835.000000
1327018.000000 772103.000000 1556494.000000 528418.000000 364594.000000
1333379.000000 860278.000000 1350627.000000 416621.000000 232511.000000
1362487.000000 820556.000000 1415768.000000 455774.000000 270604.000000
1329205.000000 834387.000000 1404106.000000 522734.000000 261235.000000
1326727.000000 815919.000000 1428424.000000 468829.000000 276188.000000
1324929.000000 840914.000000 1413461.000000 463497.000000 263351.000000
1331326.000000 824180.000000 1397949.000000 455691.000000 259365.000000
1326875.000000 838702.000000 1379746.000000 440935.000000 249954.000000
1318132.000000 806204.000000 1480379.000000 500967.000000 314418.000000
1337814.000000 818074.000000 1442707.000000 474189.000000 274795.000000
1344329.000000 836799.000000 1393063.000000 437132.000000 249479.000000
1328260.000000 783930.000000 1499592.000000 498579.000000 321093.000000
1329744.000000 825329.000000 1401756.000000 450827.000000 261934.000000
1334040.000000 806784.000000 1460119.000000 492035.000000 317502.000000
1325857.000000 817939.000000 1420067.000000 461897.000000 273541.000000
1333321.000000 802975.000000 1526434.000000 521394.000000 333451.000000
1329948.000000 835917.000000 1363981.000000 431231.000000 242574.000000
1325384.000000 825801.000000 1390865.000000 446169.000000 255176.000000
1331904.000000 809646.000000 1448049.000000 494174.000000 291313.000000
1321258.000000 816880.000000 1409755.000000 459312.000000 266547.000000
1323753.000000 821335.000000 1428907.000000 469379.000000 271713.000000
1347266.000000 837071.000000 1377850.000000 440923.000000 252562.000000
1339268.000000 786100.000000 1549813.000000 529083.000000 348096.000000
1331963.000000 839269.000000 1348355.000000 457064.000000 233833.000000
1329597.000000 825086.000000 1389148.000000 431341.000000 254580.000000
1326158.000000 822640.000000 1447838.000000 478144.000000 289279.000000
1336759.000000 804812.000000 1422419.000000 527158.000000 272920.000000
1325907.000000 832152.000000 1375162.000000 446817.000000 244909.000000
1326124.000000 828927.000000 1377044.000000 441257.000000 247070.000000
1326186.000000 818894.000000 1456147.000000 482607.000000 289799.000000
1332696.000000 810087.000000 1440079.000000 472602.000000 273264.000000
1355854.000000 817400.000000 1415148.000000 459742.000000 270100.000000
1323739.000000 826758.000000 1426333.000000 461873.000000 267879.000000
1332828.000000 824730.000000 1406548.000000 461146.000000 266699.000000
1328547.000000 835271.000000 1336186.000000 402992.000000 230612.000000
