1863849.000000 2800439.000000 1633341.000000 1163812.000000 387444.000000
1950685.000000 2830066.000000 2163460.000000 1622384.000000 789460.000000
1844342.000000 2798257.000000 1660505.000000 1197113.000000 409299.000000
1936271.000000 2962632.000000 1812724.000000 1372966.000000 467031.000000
1893826.000000 2835649.000000 1854392.000000 1336426.000000 515746.000000
1847688.000000 2833871.000000 1734138.000000 1261979.000000 456458.000000
1947928.000000 2940099.000000 1968627.000000 1440629.000000 625572.000000
1920894.000000 2903403.000000 1842188.000000 1336228.000000 568744.000000
1872937.000000 2883582.000000 1679124.000000 1230813.000000 419488.000000
1947105.000000 2926960.000000 2054415.000000 1524183.000000 792042.000000
1891665.000000 2890395.000000 1773670.000000 1314456.000000 460097.000000
1846742.000000 2825534.000000 1600621.000000 1161251.000000 384922.000000
1930780.000000 5212254.000000 2478141.000000 1535791.000000 536922.000000
1848801.000000 2846155.000000 1757033.000000 1285315.000000 474715.000000
1937408.000000 2865532.000000 1802504.000000 1312511.000000 485529.000000
1946160.000000 2995841.000000 1698153.000000 1231622.000000 401736.000000
1852246.000000 2893072.000000 1665564.000000 1236088.000000 415302.000000
1942460.000000 2919078.000000 1658062.000000 1188145.000000 386900.000000
1891785.000000 2881072.000000 1706761.000000 1227130.000000 418936.000000
1872711.000000 2830092.000000 1910799.000000 1406140.000000 704136.000000
1893799.000000 5092602.000000 2345343.000000 1448225.000000 472012.000000
1991354.000000 2935135.000000 1962461.000000 1727039.000000 529846.000000
1861046.000000 2832261.000000 1986649.000000 1474254.000000 697466.000000
1874652.000000 2858018.000000 1812488.000000 1328555.000000 509567.000000
1967281.000000 2876896.000000 1680746.000000 1205469.000000 425134.000000
1942557.000000 2855666.000000 1621970.000000 1169159.000000 388612.000000
1948574.000000 2914139.000000 1833046.000000 1293580.000000 477056.000000
1953328.000000 2961706.000000 1789273.000000 1272183.000000 485322.000000
4133332.000000 4014000.000000 1943197.000000 1333291.000000 414491.000000
1868960.000000 2857026.000000 1662199.000000 1204445.000000 408178.000000
1903823.000000 2832851.000000 1865811.000000 1379546.000000 537913.000000
2638184.000000 3035785.000000 1549896.000000 1159424.000000 393922.000000
1849409.000000 2864305.000000 1712084.000000 1245589.000000 481010.000000
1847506.000000 2869650.000000 1682064.000000 1211875.000000 423702.000000
1921115.000000 2973224.000000 1677661.000000 1315920.000000 421163.000000
1955740.000000 5200066.000000 2315384.000000 1438970.000000 455086.000000
1931842.000000 2929104.000000 1702457.000000 1247884.000000 434709.000000
1987440.000000 2924812.000000 1813748.000000 1302634.000000 449737.000000
1949343.000000 2938763.000000 1883784.000000 1361375.000000 521887.000000
1944203.000000 2914273.000000 1795113.000000 1286606.000000 458689.000000
2456205.000000 2981887.000000 1974543.000000 1445323.000000 585709.000000
3243685.000000 3551597.000000 1954345.000000 1388092.000000 527849.000000
1940992.000000 5196023.000000 2298330.000000 1405223.000000 481201.000000
4035522.000000 3881462.000000 1883397.000000 1225922.000000 394045.000000
2430281.000000 2970788.000000 1796096.000000 1347344.000000 485733.000000
1913140.000000 2839598.000000 1892257.000000 1389320.000000 550298.000000
2133676.000000 2890093.000000 1773617.000000 1295166.000000 454196.000000
1919900.000000 2992038.000000 1783019.000000 1361810.000000 454181.000000
2269987.000000 2900434.000000 1810202.000000 1304968.000000 428350.000000
1938432.000000 2903243.000000 1781783.000000 1276652.000000 451104.000000
