1314254.000000 935813.000000 1362410.000000 479288.000000 268119.000000
1349187.000000 937865.000000 1344848.000000 468481.000000 264909.000000
1320243.000000 939733.000000 1407464.000000 514712.000000 298628.000000
1312426.000000 939715.000000 1388756.000000 501156.000000 285203.000000
1351539.000000 926807.000000 1332100.000000 460576.000000 256286.000000
1308664.000000 947167.000000 1394912.000000 515005.000000 287400.000000
1312889.000000 921548.000000 1416174.000000 525160.000000 302949.000000
1341205.000000 890060.000000 1528342.000000 644085.000000 386093.000000
1375866.000000 927698.000000 1393820.000000 509046.000000 289246.000000
1320626.000000 929145.000000 1426867.000000 554452.000000 303228.000000
1327896.000000 914476.000000 1398046.000000 512521.000000 291613.000000
1342966.000000 898284.000000 1430871.000000 593325.000000 313664.000000
1338155.000000 907493.000000 1432025.000000 557239.000000 312871.000000
1340531.000000 922619.000000 1439712.000000 538994.000000 309009.000000
1327901.000000 924928.000000 1403070.000000 518644.000000 289200.000000
1314557.000000 896208.000000 1555840.000000 601763.000000 405500.000000
1336264.000000 959384.000000 1350371.000000 475904.000000 262049.000000
1347805.000000 930315.000000 1413415.000000 525558.000000 303081.000000
1314624.000000 934696.000000 1403470.000000 588259.000000 288377.000000
1329594.000000 917175.000000 1426732.000000 533216.000000 309770.000000
1324659.000000 938548.000000 1413625.000000 525564.000000 295003.000000
1320401.000000 925565.000000 1399040.000000 521832.000000 292453.000000
1315161.000000 918927.000000 1375321.000000 493207.000000 278946.000000
1309794.000000 884479.000000 1481150.000000 570741.000000 349477.000000
1326168.000000 928866.000000 1442982.000000 540011.000000 308313.000000
1329380.000000 947863.000000 1393549.000000 504368.000000 279893.000000
1345050.000000 876989.000000 1498950.000000 578301.000000 359529.000000
1314448.000000 920467.000000 1401939.000000 513522.000000 293121.000000
1322184.000000 909787.000000 1460095.000000 545641.000000 357250.000000
1323355.000000 927017.000000 1419632.000000 524629.000000 304119.000000
1332994.000000 908197.000000 1524627.000000 585463.000000 375186.000000
1315065.000000 943315.000000 1364348.000000 490732.000000 272295.000000
1309910.000000 942574.000000 1389228.000000 496644.000000 288264.000000
1317761.000000 913027.000000 1447222.000000 542777.000000 323632.000000
1308073.000000 927016.000000 1410202.000000 520744.000000 297441.000000
1308525.000000 923960.000000 1429110.000000 530244.000000 304666.000000
1345107.000000 930312.000000 1376302.000000 502951.000000 284394.000000
1326812.000000 895683.000000 1550036.000000 603593.000000 383851.000000
1318359.000000 934142.000000 1350622.000000 487594.000000 262671.000000
1331004.000000 940194.000000 1389707.000000 499064.000000 283366.000000
1323825.000000 922046.000000 1445089.000000 539624.000000 326462.000000
1322041.000000 915796.000000 1422729.000000 553386.000000 303906.000000
1311141.000000 934561.000000 1377028.000000 487986.000000 276321.000000
1310238.000000 949438.000000 1376491.000000 501637.000000 278188.000000
1324915.000000 915411.000000 1455582.000000 544022.000000 324917.000000
1318172.000000 924862.000000 1440230.000000 532128.000000 308137.000000
1359840.000000 933740.000000 1413490.000000 523112.000000 302738.000000
1325120.000000 928413.000000 1426442.000000 528768.000000 300530.000000
1334830.000000 929560.000000 1405838.000000 525810.000000 300412.000000
1311953.000000 938555.000000 1336698.000000 467253.000000 257960.000000
