1327648.000000 720553.000000 1364807.000000 341965.000000 203249.000000
1343319.000000 710345.000000 1345184.000000 339389.000000 200231.000000
1333411.000000 698519.000000 1407539.000000 368307.000000 231239.000000
1324689.000000 726257.000000 1389638.000000 365699.000000 213859.000000
1322790.000000 729575.000000 1333177.000000 337524.000000 202730.000000
1323294.000000 724643.000000 1394253.000000 371839.000000 216622.000000
1325572.000000 688164.000000 1416060.000000 370983.000000 226767.000000
1320072.000000 686805.000000 1528226.000000 479713.000000 289283.000000
1360294.000000 704792.000000 1394016.000000 371188.000000 219965.000000
1322869.000000 701398.000000 1428073.000000 407444.000000 228163.000000
1327204.000000 691059.000000 1397518.000000 366134.000000 219824.000000
1339842.000000 692472.000000 1431540.000000 411283.000000 236405.000000
1337796.000000 695113.000000 1431590.000000 421541.000000 236865.000000
1339819.000000 681563.000000 1437933.000000 386466.000000 237930.000000
1327025.000000 689997.000000 1403076.000000 374855.000000 217527.000000
1328413.000000 686294.000000 1553313.000000 435768.000000 306989.000000
1334566.000000 728887.000000 1350395.000000 341601.000000 197723.000000
1364007.000000 704850.000000 1413127.000000 374007.000000 230236.000000
1327819.000000 724343.000000 1402317.000000 429959.000000 221156.000000
1324734.000000 698734.000000 1427224.000000 392775.000000 231609.000000
1325767.000000 718762.000000 1412563.000000 386056.000000 222186.000000
1332556.000000 715516.000000 1397256.000000 388406.000000 219637.000000
1337312.000000 705023.000000 1378824.000000 354341.000000 213129.000000
1316512.000000 676132.000000 1481874.000000 406604.000000 267048.000000
1340715.000000 690903.000000 1441645.000000 399730.000000 236085.000000
1342534.000000 710573.000000 1393039.000000 361610.000000 212028.000000
1332742.000000 674010.000000 1500896.000000 420060.000000 271409.000000
1329587.000000 709573.000000 1401052.000000 370591.000000 218815.000000
1332242.000000 682088.000000 1462191.000000 406256.000000 268346.000000
1324039.000000 692364.000000 1419449.000000 379321.000000 234262.000000
1330120.000000 675384.000000 1524220.000000 424274.000000 282638.000000
1328432.000000 735590.000000 1361813.000000 362912.000000 206324.000000
1327705.000000 713947.000000 1390894.000000 365479.000000 217537.000000
1331006.000000 690486.000000 1446571.000000 399865.000000 244743.000000
1321862.000000 713653.000000 1410101.000000 380450.000000 224210.000000
1328940.000000 693258.000000 1427723.000000 391855.000000 228634.000000
1319052.000000 702526.000000 1374794.000000 356841.000000 211584.000000
1338973.000000 682443.000000 1549792.000000 432310.000000 296340.000000
1330953.000000 710828.000000 1348526.000000 377292.000000 200349.000000
1330530.000000 722665.000000 1390668.000000 354108.000000 212910.000000
1326605.000000 690516.000000 1446736.000000 403039.000000 249265.000000
1337204.000000 688300.000000 1420549.000000 439329.000000 231185.000000
1324493.000000 724060.000000 1377693.000000 369400.000000 207234.000000
1328221.000000 709764.000000 1376854.000000 359660.000000 208936.000000
1326871.000000 697047.000000 1459541.000000 392399.000000 245901.000000
1332941.000000 690808.000000 1440256.000000 386111.000000 230957.000000
1356584.000000 706915.000000 1413563.000000 378234.000000 229286.000000
1320424.000000 713111.000000 1425348.000000 383934.000000 227180.000000
1348633.000000 699380.000000 1410341.000000 385198.000000 228251.000000
1327430.000000 711167.000000 1335169.000000 337339.000000 199234.000000
